Project 1 - Pathfinder/Project 1 Starter/data/grand_canyon.dat
ncols        600
nrows        400
[rows 304 to 341 of 400, columns 425 to 509 of 600]
1851 1868 1881 1877 1881 1869 1886 1876 1870 1888 1895 1895 1902 1902 1905 1901 1899 1907 1920 1915 1945 2000 2034 2018 2021 1999 1946 1930 1916 1909 1914 1919 1928 1925 1940 1942 1946 1951 1957 1966 1956 1962 1967 1982 1984 1985 1992 1999 2002 1999 2010 2010 2019 2018 2022 2014 2029 2035 2036 2040 2041 2025 2027 2038 2036 2037 2020 2040 2036 2037 2039 2041 2046 2034 2047 2045 2038 2054 2041 2065 2077 2069 2075 2073 2067
1862 1884 1882 1875 1875 1852 1864 1871 1882 1888 1885 1885 1893 1895 1902 1888 1904 1910 1908 1906 1920 1937 1970 1959 1945 1953 1934 1920 1908 1904 1905 1913 1916 1922 1926 1930 1928 1943 1954 1946 1962 1965 1975 1978 1978 1986 1991 1994 1993 1997 2003 2007 2007 2010 2010 2002 2018 2023 2027 2023 2029 2015 2018 2015 2029 2022 2016 2031 2031 2034 2027 2037 2044 2029 2038 2038 2042 2045 2049 2052 2071 2060 2071 2065 2070
1862 1860 1855 1861 1855 1847 1875 1887 1897 1888 1882 1877 1880 1883 1885 1889 1891 1895 1901 1895 1902 1910 1918 1927 1915 1915 1916 1909 1900 1901 1905 1912 1912 1912 1926 1926 1925 1938 1945 1948 1956 1964 1969 1970 1974 1981 1981 1984 1988 1985 1993 1991 1998 1998 2001 1993 2002 2007 2011 2013 2025 2002 2010 2013 2026 2014 2009 2023 2028 2026 2026 2032 2035 2032 2030 2035 2034 2036 2045 2039 2067 2058 2068 2068 2052
1817 1845 1840 1853 1867 1873 1876 1881 1880 1886 1877 1876 1873 1876 1879 1884 1887 1886 1892 1883 1884 1890 1899 1903 1904 1900 1894 1895 1892 1900 1908 1905 1914 1916 1925 1917 1923 1928 1944 1944 1949 1955 1952 1961 1970 1973 1975 1982 1984 1976 1980 1981 1980 1991 1982 1992 1992 1994 1996 2010 2012 1994 1992 2004 2012 2013 2000 2010 2011 2018 2017 2027 2030 2032 2018 2026 2031 2030 2038 2027 2059 2067 2075 2068 2056
1839 1842 1853 1863 1865 1876 1876 1875 1869 1871 1883 1879 1879 1870 1869 1870 1872 1874 1874 1876 1871 1875 1885 1886 1890 1889 1880 1882 1892 1898 1903 1911 1904 1900 1899 1910 1918 1929 1940 1935 1949 1946 1950 1961 1962 1964 1971 1974 1977 1978 1972 1975 1975 1984 1975 1982 1986 1989 1994 2000 2002 1981 1990 1999 2001 1995 2001 1993 1996 2013 2015 2015 2024 2022 2023 2024 2025 2021 2036 2024 2060 2069 2052 2068 2069
1819 1839 1836 1842 1852 1859 1869 1867 1861 1866 1870 1871 1878 1869 1864 1862 1861 1868 1866 1869 1866 1871 1872 1873 1882 1876 1886 1891 1891 1898 1894 1884 1893 1898 1900 1911 1919 1927 1926 1923 1935 1938 1949 1957 1960 1962 1967 1970 1967 1971 1976 1964 1972 1972 1970 1971 1968 1986 1986 1984 1988 1980 1981 1995 1990 1989 1982 1989 1994 2007 2002 2007 2008 2017 2021 2026 2023 2023 2026 2025 2028 2059 2065 2066 2063
1832 1834 1824 1843 1842 1853 1864 1861 1863 1862 1860 1866 1868 1865 1861 1852 1857 1861 1860 1851 1864 1869 1870 1877 1872 1884 1881 1887 1888 1888 1883 1888 1887 1890 1894 1904 1915 1915 1917 1927 1935 1937 1942 1950 1945 1952 1956 1960 1959 1968 1964 1963 1961 1961 1963 1966 1968 1975 1963 1967 1977 1975 1969 1978 1976 1979 1986 1995 1993 1993 1999 2001 2009 2013 2027 2029 2026 2019 2018 2021 2029 2067 2062 2059 2054
1826 1820 1822 1828 1830 1835 1841 1859 1851 1842 1865 1857 1856 1856 1856 1857 1854 1851 1857 1857 1859 1864 1865 1863 1876 1872 1885 1886 1880 1874 1882 1894 1895 1890 1893 1901 1907 1904 1916 1922 1929 1933 1937 1938 1941 1943 1950 1954 1956 1952 1958 1944 1956 1960 1958 1946 1954 1963 1965 1974 1966 1973 1980 1990 1994 2002 1999 2001 2001 2001 2004 2007 2015 2024 2025 2024 2024 2029 2039 2026 2025 2056 2041 2038 2049
1830 1830 1838 1844 1827 1843 1858 1858 1866 1861 1848 1841 1849 1853 1859 1851 1849 1852 1851 1858 1860 1858 1862 1872 1867 1865 1870 1868 1867 1872 1875 1887 1883 1889 1892 1894 1902 1902 1907 1915 1922 1929 1933 1929 1939 1940 1943 1946 1948 1934 1941 1936 1945 1948 1951 1959 1963 1976 1982 1989 2002 1994 2005 2010 2023 2027 2029 2037 2032 2027 2028 2028 2044 2033 2038 2031 2028 2032 2035 2024 2018 2042 2037 2024 2048
1836 1836 1841 1850 1852 1845 1852 1858 1864 1867 1865 1858 1860 1851 1848 1853 1861 1861 1856 1853 1854 1855 1854 1861 1855 1861 1861 1865 1868 1881 1876 1884 1886 1887 1891 1897 1890 1893 1902 1909 1913 1922 1921 1930 1931 1935 1936 1932 1927 1947 1946 1938 1941 1950 1971 1981 1988 1993 2003 2011 2019 2015 2027 2034 2026 2058 2053 2045 2042 2040 2043 2048 2055 2046 2041 2051 2037 2025 2024 2023 2021 2048 2051 2024 2038
1829 1835 1840 1847 1857 1850 1857 1866 1870 1877 1867 1862 1847 1847 1857 1866 1872 1875 1880 1877 1872 1858 1858 1858 1859 1860 1860 1860 1864 1867 1866 1873 1881 1886 1890 1878 1884 1894 1901 1904 1907 1909 1911 1917 1926 1931 1935 1935 1945 1962 1964 1963 1945 1966 1978 1996 2006 2015 2020 2027 2031 2024 2015 2022 2039 2047 2040 2039 2033 2034 2041 2038 2043 2046 2046 2056 2048 2031 2015 2026 2019 2047 2030 2023 2045
1828 1834 1850 1851 1854 1864 1865 1867 1864 1871 1860 1851 1852 1855 1864 1870 1873 1877 1887 1886 1890 1888 1878 1871 1871 1865 1871 1867 1874 1872 1880 1876 1869 1874 1876 1884 1883 1894 1903 1899 1901 1914 1920 1936 1939 1937 1944 1955 1960 1967 1967 1969 1958 1970 1983 1994 2003 2008 2013 2019 2028 2021 2010 2019 2021 2015 2019 2025 2025 2032 2038 2029 2033 2034 2037 2045 2048 2033 2021 2014 2020 2038 2035 2032 2008
1830 1838 1841 1849 1860 1860 1858 1854 1864 1851 1850 1857 1861 1862 1869 1873 1879 1877 1882 1892 1894 1897 1900 1892 1885 1875 1871 1870 1874 1873 1876 1878 1880 1882 1882 1878 1877 1892 1890 1892 1894 1902 1914 1927 1935 1945 1951 1956 1961 1971 1964 1966 1965 1971 1979 1987 1995 1998 2008 2007 2012 2015 2003 2004 2005 2005 2014 2020 2021 2022 2027 2026 2031 2032 2029 2042 2039 2028 2016 2012 2034 2022 2027 2025 2008
1823 1832 1844 1851 1849 1848 1849 1847 1848 1843 1849 1857 1855 1860 1865 1865 1876 1878 1886 1893 1892 1890 1895 1898 1901 1891 1891 1890 1888 1883 1882 1883 1890 1886 1885 1881 1888 1889 1892 1891 1893 1905 1920 1927 1938 1939 1948 1954 1958 1955 1957 1959 1965 1973 1978 1984 1987 1997 2005 2007 2002 2000 1996 1995 1994 2004 2003 2010 2011 2024 2022 2027 2032 2031 2024 2029 2040 2030 2024 2017 2017 2041 2026 2008 2026
1825 1833 1832 1835 1839 1839 1836 1844 1845 1841 1842 1852 1857 1861 1859 1869 1870 1879 1882 1879 1879 1886 1885 1891 1890 1894 1900 1905 1903 1899 1896 1894 1895 1899 1899 1899 1901 1897 1901 1905 1912 1917 1915 1928 1933 1938 1949 1955 1953 1951 1957 1960 1965 1965 1973 1985 1987 1999 2001 1992 1986 1988 1988 1991 1989 1992 1998 2005 2007 2017 2020 2020 2028 2024 2026 2033 2040 2039 2038 2029 2012 2032 2032 2027 2014
1818 1820 1823 1823 1832 1835 1837 1842 1835 1844 1845 1844 1852 1854 1864 1861 1869 1877 1875 1871 1873 1886 1889 1886 1883 1888 1896 1901 1906 1905 1904 1905 1910 1908 1914 1916 1907 1915 1917 1917 1922 1926 1925 1929 1932 1941 1944 1964 1966 1949 1956 1957 1962 1972 1976 1985 1991 1989 1988 1981 1979 1978 1980 1989 1983 1985 1992 1997 2009 2014 2014 2017 2022 2015 2026 2032 2031 2035 2037 2024 2012 2006 2035 2019 2005
1814 1813 1818 1824 1830 1830 1835 1833 1831 1836 1839 1840 1847 1853 1857 1855 1862 1869 1867 1871 1878 1882 1888 1881 1889 1895 1896 1900 1901 1905 1906 1906 1910 1915 1919 1916 1915 1925 1926 1929 1931 1924 1918 1930 1933 1936 1941 1954 1972 1948 1950 1952 1960 1966 1976 1980 1985 1979 1976 1974 1972 1973 1977 1982 1984 1992 1990 1999 2003 2015 2014 2009 2015 2015 2028 2030 2027 2031 2021 2028 2013 2009 2009 2010 2020
1810 1818 1818 1823 1828 1825 1826 1825 1830 1829 1834 1835 1843 1847 1850 1846 1855 1859 1854 1864 1869 1871 1871 1883 1891 1901 1900 1894 1896 1898 1903 1908 1907 1912 1920 1924 1913 1920 1929 1933 1931 1926 1930 1920 1929 1931 1940 1943 1964 1945 1948 1949 1958 1964 1971 1967 1973 1965 1970 1968 1968 1971 1978 1977 1979 1991 1991 1994 2002 2011 2007 2004 2007 2020 2025 2025 2023 2034 2034 2036 2033 2029 2016 2015 2024
1809 1813 1823 1825 1826 1821 1824 1819 1820 1826 1832 1834 1841 1841 1847 1840 1841 1848 1852 1861 1854 1866 1874 1884 1890 1886 1890 1887 1888 1889 1894 1897 1899 1906 1911 1917 1921 1926 1928 1929 1934 1932 1928 1925 1920 1930 1941 1948 1972 1958 1952 1945 1951 1953 1954 1960 1973 1960 1962 1965 1971 1977 1978 1972 1979 1987 1994 1994 1999 2008 1998 2000 2016 2020 2022 2024 2027 2029 2030 2027 2034 2025 2013 2009 2017
1811 1816 1821 1820 1820 1819 1820 1817 1821 1829 1826 1832 1832 1833 1831 1835 1842 1847 1854 1854 1855 1855 1865 1869 1874 1883 1891 1893 1898 1899 1904 1903 1900 1907 1905 1911 1918 1914 1923 1928 1930 1929 1923 1926 1931 1948 1960 1962 1973 2015 1961 1950 1949 1951 1951 1957 1956 1955 1960 1962 1968 1971 1972 1969 1978 1983 1988 1984 1996 1998 1997 2011 2008 2019 2017 2014 2022 2025 2020 2022 2025 2023 2014 2008 2012
1808 1810 1806 1817 1804 1814 1820 1814 1827 1828 1818 1821 1825 1827 1835 1838 1839 1839 1848 1851 1859 1864 1869 1878 1882 1887 1899 1899 1899 1899 1901 1910 1909 1906 1910 1916 1919 1918 1921 1925 1928 1927 1923 1941 1943 1954 1960 1964 1966 1978 1960 1949 1949 1950 1947 1954 1950 1954 1954 1958 1967 1968 1970 1969 1975 1980 1985 1980 1994 1989 1998 2011 2003 2016 2015 2009 2004 2017 2023 2014 2007 2016 2011 2004 1988
1795 1805 1795 1797 1814 1797 1812 1815 1823 1822 1816 1822 1822 1829 1832 1840 1844 1844 1845 1848 1855 1856 1866 1867 1876 1885 1894 1898 1899 1900 1903 1909 1910 1913 1917 1917 1917 1915 1921 1930 1937 1942 1941 1927 1941 1954 1959 1963 1973 1978 1958 1952 1956 1958 1960 1956 1959 1954 1950 1955 1960 1965 1969 1967 1971 1981 1983 1988 1990 1986 1997 2003 1999 2006 2004 2008 2002 2008 2014 2011 2011 2010 1998 1991 1987
1786 1802 1805 1809 1803 1812 1800 1806 1813 1805 1820 1821 1825 1831 1836 1840 1840 1840 1844 1845 1853 1853 1864 1872 1876 1886 1890 1889 1892 1897 1892 1904 1908 1913 1917 1912 1914 1919 1923 1918 1932 1941 1938 1934 1939 1946 1957 1962 1969 1985 1958 1956 1960 1962 1964 1964 1967 1956 1954 1958 1961 1961 1962 1963 1970 1975 1986 1985 1980 1980 1991 1993 1998 2000 2000 1998 2000 1995 2007 2010 2006 2006 2003 1996 1996
1787 1796 1805 1804 1811 1821 1819 1818 1817 1818 1814 1809 1814 1829 1837 1841 1842 1836 1839 1844 1850 1855 1859 1866 1873 1875 1882 1880 1888 1885 1892 1902 1902 1904 1904 1913 1917 1924 1924 1928 1934 1928 1930 1933 1938 1939 1956 1957 1958 1958 1954 1957 1961 1961 1964 1965 1967 1970 1963 1959 1956 1963 1961 1965 1967 1973 1981 1979 1973 1986 1988 1984 1991 1998 1998 1999 1998 1993 2000 2010 2004 2005 2008 2006 2000
1785 1791 1799 1806 1809 1810 1812 1816 1822 1820 1822 1812 1826 1824 1829 1831 1833 1837 1842 1845 1850 1852 1859 1865 1869 1867 1874 1876 1886 1888 1893 1898 1894 1902 1901 1904 1909 1915 1918 1941 1930 1924 1918 1916 1927 1923 1944 1952 1952 1955 1951 1958 1964 1968 1966 1970 1970 1960 1970 1962 1955 1964 1958 1966 1961 1968 1972 1972 1976 1981 1986 1981 1990 1991 1993 1996 1996 1998 1998 2001 2000 2004 2010 1995 1981
1792 1792 1797 1801 1804 1804 1809 1815 1816 1816 1811 1820 1822 1825 1826 1827 1828 1836 1839 1842 1843 1851 1853 1859 1864 1862 1866 1870 1877 1882 1883 1884 1888 1898 1899 1905 1910 1910 1915 1929 1926 1924 1920 1931 1929 1928 1939 1947 1950 1950 1946 1971 2006 1979 1974 1977 1972 1969 1963 1961 1956 1957 1960 1962 1962 1968 1969 1972 1969 1980 1973 1984 1986 1989 1992 1991 1992 1993 1996 1998 1997 1993 1992 1981 1982
1789 1791 1792 1801 1806 1805 1809 1815 1815 1813 1812 1811 1812 1818 1819 1821 1826 1826 1833 1836 1842 1846 1853 1863 1854 1863 1866 1871 1867 1875 1884 1891 1889 1895 1898 1896 1902 1909 1912 1916 1925 1922 1914 1936 1946 1938 1933 1933 1939 1940 1943 1964 2009 1987 1980 1973 1971 1969 1958 1959 1955 1958 1953 1959 1962 1963 1968 1970 1978 1982 1979 1983 1984 1989 1987 1990 1993 1994 1995 1992 1997 2001 1993 1980 1997
1793 1792 1797 1797 1804 1807 1806 1805 1806 1811 1808 1814 1809 1814 1822 1825 1826 1830 1830 1830 1838 1839 1848 1850 1858 1862 1860 1868 1872 1878 1882 1889 1890 1886 1891 1898 1899 1905 1910 1916 1920 1915 1925 1945 1941 1950 1946 1946 1950 1952 1948 1956 1971 1984 1969 1973 1961 1963 1959 1957 1953 1954 1956 1958 1961 1967 1965 1971 1978 1976 1979 1981 1984 1982 1985 1988 1989 1993 1991 1990 1990 1997 1989 2001 1997
1785 1796 1797 1799 1803 1805 1807 1810 1812 1812 1815 1816 1813 1815 1817 1822 1825 1831 1823 1828 1834 1849 1854 1854 1857 1859 1861 1866 1874 1873 1879 1884 1882 1887 1889 1896 1901 1905 1912 1915 1913 1912 1940 1945 1944 1944 1948 1953 1950 1949 1955 1951 1958 1963 1958 1957 1956 1956 1960 1960 1950 1955 1955 1958 1958 1959 1964 1973 1976 1981 1981 1984 1980 1983 1986 1986 1987 1984 1990 1984 1992 1983 1997 2005 2003
1790 1794 1795 1801 1804 1805 1804 1808 1811 1809 1810 1816 1815 1815 1814 1818 1821 1823 1830 1832 1837 1846 1847 1853 1852 1857 1860 1865 1871 1877 1878 1879 1885 1883 1884 1894 1897 1900 1906 1908 1910 1936 1944 1944 1948 1944 1948 1949 1954 1958 1957 1956 1962 1964 1960 1956 1949 1959 1964 1955 1954 1953 1957 1956 1958 1957 1962 1970 1974 1982 1976 1983 1981 1979 1982 1983 1987 1985 1988 1990 1993 1990 2004 2006 2009
1793 1795 1800 1804 1807 1805 1809 1805 1809 1816 1820 1815 1820 1819 1814 1816 1820 1827 1832 1836 1845 1844 1850 1853 1853 1857 1861 1862 1864 1865 1867 1878 1883 1881 1885 1884 1890 1890 1897 1901 1906 1918 1939 1939 1945 1947 1944 1954 1953 1957 1960 1955 1961 1958 1956 1958 1954 1957 1957 1957 1954 1953 1952 1954 1960 1960 1965 1965 1967 1963 1972 1987 1987 1986 1986 1984 1987 1986 1983 1995 1998 2002 2005 2006 1999
1799 1802 1808 1809 1812 1812 1814 1816 1811 1813 1815 1817 1820 1818 1817 1817 1821 1828 1834 1838 1846 1842 1843 1848 1850 1851 1860 1863 1864 1870 1866 1866 1872 1873 1880 1886 1884 1891 1898 1894 1901 1901 1924 1943 1943 1947 1955 1948 1950 1957 1959 1962 1961 1963 1962 1957 1956 1956 1956 1959 1954 1952 1952 1957 1966 1967 1965 1965 1970 1969 1969 1983 1985 1987 1982 1985 1985 1991 1997 1994 2000 2007 2005 2008 2006
1801 1807 1816 1817 1811 1813 1817 1819 1820 1818 1817 1812 1821 1817 1820 1816 1821 1824 1834 1839 1835 1839 1838 1842 1849 1849 1855 1860 1862 1865 1868 1866 1874 1876 1884 1886 1888 1891 1895 1887 1900 1919 1939 1942 1939 1948 1952 1956 1956 1965 1961 1977 1970 1996 1995 1967 1957 1957 1957 1950 1953 1956 1953 1957 1961 1967 1965 1971 1971 1970 1974 1978 1983 1987 1981 1987 1987 1985 1992 1995 2004 2007 2001 1995 1989
1799 1803 1813 1815 1814 1811 1813 1819 1822 1827 1821 1819 1817 1819 1824 1821 1817 1824 1830 1828 1826 1834 1842 1844 1847 1851 1853 1851 1853 1859 1862 1856 1872 1880 1883 1885 1887 1886 1893 1922 1930 1933 1939 1940 1941 1947 1948 1953 1959 1959 1958 1967 1977 1975 1974 1967 1960 1959 1954 1951 1955 1949 1954 1952 1955 1964 1966 1969 1969 1977 1986 1985 1995 1998 1997 1983 1989 1991 1999 2001 2005 2003 1999 1993 1987
1795 1809 1805 1813 1808 1808 1813 1820 1828 1828 1825 1820 1819 1824 1826 1817 1820 1822 1828 1832 1834 1840 1848 1848 1851 1850 1855 1860 1858 1861 1862 1865 1869 1869 1873 1870 1881 1883 1918 1931 1931 1932 1932 1935 1941 1948 1951 1954 1950 1965 1968 1970 1978 1987 1992 1971 1963 1958 1954 1956 1954 1951 1954 1952 1958 1959 1965 1974 1971 1973 1990 1999 2000 2003 1998 1994 1991 1990 1997 2001 2002 1999 1995 1993 1992
1801 1798 1801 1805 1806 1806 1813 1815 1824 1827 1818 1822 1821 1825 1824 1818 1819 1823 1828 1825 1832 1840 1846 1850 1850 1856 1856 1859 1855 1860 1860 1869 1871 1876 1877 1881 1881 1886 1917 1924 1928 1932 1938 1937 1939 1946 1949 1953 1952 1960 1963 1979 1984 2014 2031 1983 1965 1961 1960 1954 1953 1956 1958 1957 1979 1983 1986 1994 1996 1992 2000 2002 2001 2003 1999 1987 1994 1993 1994 2004 2001 2003 1991 1994 1991
1801 1800 1799 1803 1804 1810 1818 1822 1831 1823 1820 1823 1826 1823 1823 1823 1818 1821 1823 1826 1828 1835 1845 1847 1851 1851 1850 1857 1859 1857 1860 1865 1868 1871 1874 1878 1884 1898 1918 1919 1927 1933 1935 1934 1937 1942 1947 1951 1955 1954 1959 1967 1976 1987 1990 1977 1976 1975 1970 1953 1958 1957 1960 1966 1981 1992 2001 2003 2004 1998 1999 1999 2006 1995 1982 1977 1975 1973 1973 1980 2003 1999 1996 1994 1989
1803 1799 1801 1804 1804 1805 1812 1822 1825 1822 1822 1824 1822 1828 1825 1822 1818 1824 1823 1824 1826 1824 1833 1835 1845 1854 1851 1859 1865 1862 1857 1859 1863 1872 1873 1877 1880 1884 1888 1899 1905 1919 1928 1931 1940 1937 1936 1942 1946 1952 1960 1963 1972 1976 1985 1982 1977 1971 1960 1958 1960 1962 1976 1982 1987 1991 1999 2003 1998 2000 2001 1999 2000 1995 1983 1982 1984 1980 1982 1966 1965 1999 1997 1988 1990
