Project 1 - Pathfinder/Project 1 Starter/data/grand_canyon.dat
ncols        600
nrows        400
[rows 228 to 265 of 400, columns 255 to 339 of 600]
1830 1824 1841 1837 1840 1831 1822 1826 1821 1817 1817 1815 1816 1796 1794 1777 1789 1797 1780 1791 1793 1781 1804 1774 1781 1784 1782 1811 1788 1791 1782 1781 1757 1724 1685 1717 1657 1719 1627 1394 1361 1573 1651 1744 1708 1738 1731 1737 1681 1730 1710 1738 1728 1732 1631 1326 1262 1200 1238 1185 1229 1291 1350 1263 1228 1253 1143 1159 1172 1287 1292 1301 1326 1316 1356 1380 1593 1344 1305 1564 1592 1543 1548 1655 1710
1837 1847 1830 1841 1841 1830 1821 1826 1822 1824 1825 1824 1804 1785 1780 1792 1794 1799 1795 1778 1795 1801 1806 1788 1788 1799 1781 1793 1787 1789 1774 1751 1718 1698 1675 1679 1692 1655 1661 1615 1426 1528 1645 1719 1739 1746 1742 1704 1726 1748 1744 1711 1638 1451 1312 1258 1282 1317 1317 1223 1214 1251 1294 1437 1425 1316 1273 1178 1151 1262 1293 1385 1704 1737 1709 1698 1745 1418 1318 1334 1504 1703 1747 1739 1756
1836 1842 1844 1838 1836 1823 1833 1831 1822 1825 1820 1811 1796 1800 1800 1787 1809 1797 1790 1790 1795 1816 1822 1794 1803 1796 1784 1788 1788 1781 1786 1752 1726 1738 1729 1702 1720 1733 1755 1723 1419 1426 1644 1747 1764 1772 1748 1741 1743 1750 1701 1655 1629 1349 1364 1395 1497 1354 1309 1241 1186 1263 1229 1296 1588 1333 1245 1202 1146 1164 1261 1297 1373 1705 1746 1743 1738 1676 1462 1378 1385 1626 1717 1738 1744
1840 1838 1849 1852 1845 1838 1835 1824 1831 1829 1819 1812 1804 1805 1788 1795 1801 1808 1798 1793 1797 1819 1824 1823 1809 1797 1794 1794 1790 1784 1753 1744 1772 1759 1735 1745 1729 1731 1707 1673 1620 1481 1599 1596 1670 1749 1753 1743 1749 1748 1733 1626 1560 1718 1612 1739 1403 1265 1213 1246 1256 1345 1274 1310 1560 1571 1312 1275 1268 1194 1289 1290 1286 1387 1734 1751 1748 1739 1747 1553 1374 1482 1392 1686 1746
1848 1848 1846 1854 1842 1838 1840 1844 1839 1828 1818 1806 1815 1820 1803 1793 1797 1811 1818 1800 1808 1813 1823 1816 1813 1810 1808 1795 1788 1774 1790 1773 1783 1776 1775 1740 1709 1706 1620 1678 1699 1623 1600 1651 1637 1684 1757 1766 1761 1754 1675 1699 1723 1742 1723 1685 1323 1248 1260 1331 1358 1577 1351 1324 1574 1592 1303 1260 1181 1171 1244 1310 1434 1461 1715 1731 1747 1752 1752 1695 1593 1729 1608 1557 1648
1840 1849 1850 1857 1847 1843 1845 1846 1833 1824 1826 1818 1824 1820 1818 1821 1799 1817 1817 1805 1808 1809 1817 1832 1818 1811 1820 1816 1786 1786 1791 1787 1774 1772 1770 1738 1681 1634 1714 1744 1737 1627 1738 1741 1751 1746 1693 1719 1751 1744 1716 1726 1748 1733 1659 1366 1282 1283 1337 1617 1724 1703 1653 1542 1579 1664 1300 1275 1188 1176 1280 1309 1547 1737 1742 1737 1737 1738 1752 1740 1736 1738 1743 1723 1607
1829 1839 1850 1857 1853 1854 1854 1848 1840 1834 1831 1820 1824 1829 1822 1805 1816 1820 1813 1806 1811 1825 1825 1825 1827 1822 1821 1814 1808 1809 1811 1768 1739 1726 1716 1688 1645 1723 1747 1715 1741 1653 1733 1751 1772 1766 1749 1755 1755 1751 1730 1765 1780 1754 1418 1295 1308 1326 1638 1720 1731 1730 1708 1718 1702 1707 1368 1258 1259 1165 1230 1237 1303 1588 1741 1748 1743 1750 1750 1750 1746 1739 1753 1745 1727
1836 1838 1842 1854 1857 1865 1855 1850 1842 1837 1830 1816 1827 1823 1831 1813 1813 1802 1804 1817 1810 1809 1813 1820 1831 1837 1823 1819 1806 1780 1772 1778 1782 1770 1741 1713 1700 1721 1770 1780 1698 1660 1710 1716 1784 1768 1755 1755 1750 1741 1756 1758 1773 1678 1370 1326 1587 1418 1665 1731 1728 1723 1727 1733 1721 1730 1474 1379 1284 1245 1165 1246 1273 1356 1699 1740 1743 1744 1754 1752 1750 1751 1753 1752 1749
1844 1841 1841 1849 1858 1852 1859 1847 1838 1829 1827 1819 1830 1830 1832 1828 1813 1800 1802 1804 1806 1819 1819 1818 1821 1827 1827 1817 1811 1823 1816 1787 1768 1765 1741 1684 1718 1724 1744 1752 1724 1677 1694 1758 1776 1785 1751 1756 1762 1759 1773 1730 1659 1590 1430 1378 1724 1722 1699 1731 1740 1724 1739 1732 1712 1716 1705 1718 1429 1256 1185 1202 1270 1609 1728 1732 1737 1748 1754 1754 1759 1756 1753 1760 1760
1842 1839 1848 1844 1846 1849 1847 1849 1840 1831 1829 1822 1822 1831 1833 1829 1814 1802 1799 1794 1809 1815 1826 1830 1826 1832 1831 1811 1806 1785 1797 1768 1750 1751 1746 1736 1705 1774 1775 1741 1692 1745 1686 1750 1734 1771 1774 1764 1763 1781 1746 1734 1739 1737 1622 1377 1721 1730 1736 1704 1746 1734 1739 1726 1726 1730 1723 1553 1303 1238 1175 1235 1260 1364 1600 1733 1738 1746 1752 1762 1753 1741 1756 1745 1749
1845 1844 1846 1844 1846 1845 1850 1839 1835 1829 1830 1830 1826 1825 1821 1814 1806 1804 1800 1799 1809 1816 1819 1818 1826 1823 1814 1807 1803 1791 1780 1759 1785 1771 1760 1735 1732 1748 1730 1715 1742 1751 1735 1703 1738 1771 1775 1777 1770 1770 1749 1760 1754 1674 1543 1680 1677 1736 1730 1723 1748 1743 1736 1728 1736 1732 1693 1354 1239 1217 1175 1171 1234 1282 1315 1703 1736 1738 1749 1750 1743 1739 1739 1728 1734
1849 1844 1848 1845 1847 1840 1846 1846 1834 1833 1835 1837 1821 1821 1814 1814 1808 1802 1795 1799 1808 1810 1817 1817 1821 1814 1802 1796 1800 1789 1770 1764 1745 1739 1729 1753 1744 1754 1750 1725 1754 1763 1708 1726 1712 1740 1740 1745 1746 1778 1767 1772 1750 1728 1743 1750 1743 1714 1741 1735 1744 1746 1732 1741 1731 1734 1720 1601 1324 1311 1306 1228 1275 1285 1388 1716 1738 1736 1698 1745 1722 1732 1690 1540 1680
1856 1850 1842 1849 1848 1843 1846 1844 1837 1840 1843 1837 1826 1831 1819 1812 1809 1802 1807 1799 1807 1814 1814 1818 1822 1811 1806 1796 1794 1790 1772 1779 1767 1773 1744 1762 1748 1760 1745 1745 1779 1760 1707 1760 1733 1741 1752 1752 1764 1769 1763 1742 1727 1745 1742 1750 1732 1734 1725 1739 1745 1746 1744 1744 1738 1738 1737 1726 1695 1611 1455 1296 1204 1256 1292 1313 1297 1316 1318 1360 1487 1523 1411 1579 1728
1856 1846 1842 1845 1849 1846 1849 1844 1844 1839 1841 1829 1830 1829 1822 1814 1814 1806 1800 1797 1805 1808 1810 1818 1829 1831 1818 1798 1790 1782 1779 1758 1769 1761 1751 1749 1777 1774 1738 1754 1772 1754 1710 1753 1767 1780 1778 1772 1768 1750 1730 1745 1734 1732 1758 1750 1741 1731 1732 1745 1759 1749 1743 1710 1711 1718 1719 1709 1670 1382 1241 1187 1266 1285 1266 1283 1310 1317 1348 1340 1359 1409 1598 1412 1715
1853 1849 1844 1847 1849 1847 1850 1855 1847 1845 1846 1834 1835 1837 1824 1812 1806 1800 1797 1805 1808 1808 1813 1817 1828 1815 1803 1794 1792 1784 1778 1779 1781 1767 1748 1777 1755 1746 1761 1770 1767 1733 1710 1716 1758 1768 1777 1779 1778 1782 1748 1738 1749 1751 1743 1754 1743 1732 1742 1750 1731 1713 1702 1662 1598 1504 1413 1292 1271 1315 1275 1257 1395 1593 1614 1592 1461 1333 1591 1685 1713 1736 1736 1654 1585
1853 1853 1846 1849 1852 1849 1848 1853 1857 1850 1841 1839 1829 1824 1821 1810 1799 1800 1803 1803 1804 1812 1812 1815 1821 1819 1818 1809 1787 1788 1794 1788 1774 1763 1759 1779 1773 1763 1755 1749 1732 1726 1734 1732 1726 1737 1757 1777 1781 1765 1745 1744 1735 1756 1751 1761 1747 1743 1754 1732 1723 1710 1691 1720 1716 1687 1720 1383 1275 1266 1278 1252 1345 1711 1720 1711 1701 1658 1632 1667 1712 1730 1737 1725 1710
1857 1851 1846 1845 1850 1851 1847 1850 1854 1847 1846 1838 1826 1815 1809 1803 1806 1806 1803 1811 1807 1812 1813 1818 1819 1825 1812 1802 1811 1802 1793 1786 1771 1763 1774 1784 1775 1759 1765 1739 1737 1727 1728 1745 1745 1742 1740 1758 1773 1766 1766 1751 1737 1747 1761 1764 1762 1751 1753 1754 1743 1733 1706 1727 1729 1716 1415 1281 1273 1208 1290 1285 1342 1586 1721 1716 1688 1696 1681 1702 1714 1732 1729 1732 1713
1860 1852 1855 1849 1840 1839 1849 1852 1850 1836 1840 1830 1826 1816 1803 1811 1811 1803 1802 1805 1807 1811 1819 1819 1824 1823 1825 1810 1800 1796 1788 1773 1789 1778 1784 1775 1770 1776 1764 1790 1739 1726 1740 1762 1739 1761 1753 1747 1774 1762 1752 1747 1745 1740 1752 1775 1759 1767 1756 1752 1744 1733 1730 1732 1726 1727 1541 1390 1277 1195 1282 1252 1290 1342 1538 1499 1548 1512 1671 1703 1731 1732 1733 1732 1717
1854 1853 1852 1846 1842 1840 1846 1855 1850 1839 1828 1830 1818 1815 1805 1813 1813 1804 1801 1810 1811 1811 1811 1816 1820 1826 1820 1812 1798 1794 1791 1783 1791 1785 1788 1770 1775 1784 1761 1750 1742 1728 1751 1756 1743 1764 1765 1753 1760 1772 1760 1750 1748 1740 1751 1752 1762 1764 1764 1754 1759 1739 1734 1737 1750 1737 1720 1368 1292 1287 1265 1261 1280 1317 1273 1236 1276 1243 1310 1718 1668 1739 1743 1733 1730
1858 1857 1858 1851 1844 1837 1831 1843 1845 1838 1836 1822 1811 1805 1818 1815 1812 1804 1801 1801 1807 1815 1811 1818 1818 1818 1824 1816 1819 1803 1787 1795 1792 1780 1780 1780 1770 1763 1756 1737 1735 1744 1765 1758 1752 1755 1769 1754 1759 1768 1759 1752 1744 1739 1745 1746 1754 1764 1757 1761 1737 1724 1739 1737 1739 1721 1726 1580 1297 1289 1400 1283 1269 1280 1321 1468 1327 1244 1299 1340 1325 1378 1599 1737 1747
1859 1862 1863 1855 1845 1843 1846 1848 1833 1825 1830 1815 1810 1811 1813 1814 1813 1807 1801 1806 1804 1809 1809 1815 1818 1827 1834 1816 1812 1801 1805 1792 1793 1794 1787 1779 1776 1758 1740 1740 1741 1783 1770 1781 1761 1756 1762 1758 1759 1765 1760 1757 1748 1737 1741 1749 1751 1755 1756 1746 1735 1748 1750 1750 1749 1700 1561 1337 1283 1426 1327 1290 1325 1441 1591 1666 1333 1276 1236 1235 1268 1267 1297 1369 1748
1861 1859 1863 1851 1846 1841 1844 1847 1839 1826 1828 1817 1811 1821 1822 1816 1812 1807 1801 1807 1801 1807 1813 1815 1828 1833 1832 1837 1817 1817 1805 1797 1790 1774 1788 1763 1757 1759 1737 1739 1749 1750 1789 1779 1767 1766 1769 1755 1758 1765 1774 1766 1747 1742 1742 1740 1745 1753 1759 1748 1753 1748 1757 1733 1722 1733 1721 1354 1562 1684 1331 1278 1573 1724 1732 1727 1568 1346 1272 1381 1391 1296 1254 1316 1425
1861 1858 1858 1853 1850 1843 1840 1839 1838 1833 1839 1831 1814 1815 1828 1818 1805 1802 1802 1807 1808 1804 1811 1818 1821 1822 1829 1834 1833 1828 1799 1791 1780 1774 1767 1762 1748 1754 1742 1750 1754 1754 1767 1782 1779 1778 1762 1761 1760 1766 1765 1762 1748 1741 1746 1740 1748 1751 1760 1761 1758 1759 1752 1749 1748 1735 1718 1395 1720 1720 1349 1316 1641 1706 1737 1743 1716 1591 1333 1386 1729 1571 1302 1274 1261
1861 1862 1865 1858 1849 1843 1836 1846 1839 1835 1837 1824 1822 1817 1822 1815 1809 1802 1801 1804 1810 1807 1806 1807 1817 1818 1824 1816 1815 1794 1786 1782 1769 1762 1761 1764 1763 1749 1742 1754 1764 1763 1771 1785 1783 1763 1760 1765 1769 1767 1759 1750 1741 1746 1750 1739 1745 1752 1762 1767 1766 1766 1757 1742 1729 1718 1599 1704 1727 1604 1334 1300 1437 1725 1724 1737 1735 1712 1604 1650 1693 1727 1558 1566 1370
1865 1865 1868 1851 1848 1838 1831 1845 1837 1845 1828 1825 1819 1816 1824 1820 1812 1811 1805 1804 1806 1804 1810 1809 1812 1814 1818 1809 1795 1800 1782 1778 1776 1779 1776 1761 1751 1744 1753 1758 1764 1771 1770 1770 1765 1762 1759 1765 1769 1765 1755 1754 1745 1745 1757 1745 1744 1750 1754 1762 1758 1755 1740 1728 1725 1683 1728 1732 1730 1686 1616 1535 1355 1695 1728 1740 1733 1734 1709 1729 1723 1708 1712 1728 1734
1868 1865 1853 1852 1842 1840 1830 1837 1843 1834 1832 1815 1816 1814 1818 1822 1810 1805 1809 1803 1803 1807 1810 1815 1818 1818 1820 1811 1805 1788 1790 1778 1784 1775 1772 1769 1754 1762 1745 1752 1755 1772 1789 1775 1763 1762 1766 1768 1764 1758 1752 1745 1752 1755 1753 1748 1744 1746 1752 1756 1761 1747 1742 1735 1713 1726 1710 1733 1724 1692 1723 1666 1387 1728 1717 1733 1740 1737 1734 1731 1711 1717 1729 1730 1736
1871 1860 1855 1848 1839 1846 1835 1829 1831 1821 1827 1822 1827 1819 1814 1821 1812 1814 1809 1802 1802 1805 1808 1811 1819 1816 1828 1827 1807 1799 1783 1788 1780 1772 1775 1766 1752 1745 1745 1761 1757 1769 1780 1772 1768 1768 1766 1768 1764 1756 1749 1747 1746 1747 1758 1756 1754 1746 1748 1756 1762 1753 1750 1742 1731 1730 1729 1732 1712 1702 1727 1732 1643 1687 1723 1726 1737 1735 1736 1726 1714 1714 1715 1724 1733
1865 1855 1857 1851 1848 1846 1845 1829 1826 1836 1835 1826 1832 1823 1822 1812 1823 1812 1803 1807 1802 1799 1802 1812 1816 1813 1817 1817 1811 1792 1804 1784 1780 1773 1769 1755 1752 1754 1764 1758 1768 1773 1778 1767 1765 1771 1771 1765 1758 1759 1752 1749 1748 1753 1755 1756 1758 1750 1744 1753 1766 1756 1744 1743 1725 1740 1743 1727 1728 1721 1727 1722 1685 1677 1705 1713 1720 1720 1727 1732 1731 1728 1720 1718 1729
1865 1859 1862 1854 1848 1852 1844 1829 1831 1848 1838 1838 1840 1825 1820 1810 1817 1808 1808 1807 1809 1805 1805 1804 1807 1804 1810 1810 1813 1806 1801 1791 1779 1770 1766 1756 1756 1751 1758 1770 1771 1775 1777 1769 1776 1776 1770 1762 1763 1764 1761 1749 1754 1757 1758 1760 1755 1747 1751 1758 1761 1763 1748 1737 1729 1732 1739 1733 1735 1729 1725 1699 1719 1698 1719 1720 1728 1733 1733 1734 1741 1731 1725 1717 1725
1870 1864 1857 1857 1850 1845 1837 1839 1837 1852 1846 1833 1825 1821 1814 1818 1820 1810 1816 1809 1813 1803 1802 1800 1804 1807 1812 1812 1818 1812 1799 1788 1785 1774 1759 1763 1770 1755 1761 1762 1767 1771 1775 1775 1773 1770 1769 1767 1766 1760 1757 1746 1754 1754 1755 1757 1754 1747 1758 1756 1761 1764 1750 1743 1737 1744 1749 1748 1738 1724 1712 1694 1714 1716 1723 1722 1729 1737 1726 1741 1742 1722 1721 1720 1721
1871 1868 1867 1851 1848 1846 1835 1836 1845 1845 1835 1824 1826 1828 1816 1824 1819 1816 1817 1810 1807 1809 1804 1798 1806 1813 1809 1810 1819 1811 1801 1790 1775 1767 1763 1770 1761 1754 1758 1771 1780 1784 1778 1778 1776 1774 1773 1769 1768 1763 1754 1746 1749 1756 1754 1760 1757 1746 1751 1759 1762 1765 1751 1752 1737 1746 1743 1735 1724 1709 1703 1700 1710 1701 1705 1710 1711 1717 1722 1725 1738 1738 1720 1730 1730
1866 1863 1855 1855 1853 1844 1844 1839 1843 1841 1834 1834 1836 1825 1821 1819 1819 1819 1817 1812 1807 1812 1809 1808 1799 1801 1801 1808 1818 1803 1788 1780 1782 1770 1779 1777 1772 1756 1759 1771 1772 1780 1782 1777 1778 1775 1768 1763 1760 1749 1749 1750 1757 1759 1760 1760 1754 1750 1751 1754 1761 1762 1758 1751 1746 1755 1740 1725 1714 1715 1714 1702 1709 1721 1714 1706 1711 1713 1723 1724 1739 1744 1737 1729 1733
1864 1860 1853 1856 1844 1847 1847 1846 1846 1835 1832 1834 1834 1827 1816 1821 1821 1819 1816 1815 1810 1811 1814 1806 1801 1799 1804 1808 1817 1813 1800 1797 1784 1782 1780 1762 1759 1753 1772 1774 1765 1774 1787 1781 1784 1773 1761 1758 1755 1759 1754 1757 1760 1760 1763 1758 1752 1749 1755 1752 1759 1762 1757 1750 1752 1740 1732 1720 1727 1713 1713 1707 1719 1718 1721 1715 1711 1721 1722 1729 1730 1741 1735 1733 1738
1852 1854 1859 1850 1845 1853 1851 1843 1845 1842 1832 1820 1827 1817 1820 1816 1825 1820 1819 1816 1816 1810 1817 1809 1809 1804 1800 1810 1811 1804 1792 1791 1782 1788 1780 1762 1765 1776 1776 1776 1769 1779 1788 1781 1773 1771 1761 1765 1754 1762 1760 1760 1762 1763 1761 1756 1749 1752 1759 1755 1762 1760 1755 1762 1746 1743 1732 1727 1724 1725 1713 1711 1718 1726 1726 1713 1714 1713 1727 1736 1735 1741 1741 1743 1741
1840 1860 1857 1851 1854 1849 1850 1844 1846 1839 1824 1821 1821 1822 1819 1825 1829 1825 1826 1821 1821 1818 1813 1814 1808 1803 1796 1805 1802 1798 1796 1807 1800 1792 1776 1767 1762 1771 1787 1786 1776 1773 1786 1782 1770 1770 1769 1763 1752 1754 1767 1764 1767 1766 1762 1754 1748 1760 1760 1756 1757 1765 1763 1762 1754 1748 1747 1742 1739 1726 1716 1717 1729 1729 1719 1719 1725 1709 1715 1719 1732 1736 1731 1720 1722
1834 1851 1859 1856 1853 1851 1848 1839 1851 1839 1827 1828 1820 1821 1819 1819 1827 1831 1830 1824 1825 1825 1818 1815 1807 1805 1797 1796 1802 1802 1796 1807 1789 1786 1787 1785 1765 1775 1789 1785 1789 1785 1785 1785 1778 1782 1773 1763 1754 1756 1765 1770 1772 1767 1762 1757 1751 1764 1768 1765 1760 1760 1766 1762 1747 1747 1755 1750 1738 1734 1715 1726 1734 1726 1719 1733 1719 1718 1710 1720 1735 1733 1728 1714 1713
1835 1844 1857 1857 1856 1846 1846 1838 1833 1831 1829 1834 1826 1823 1821 1820 1826 1832 1834 1830 1829 1823 1822 1814 1809 1804 1793 1794 1796 1809 1801 1799 1802 1797 1788 1777 1769 1764 1766 1771 1778 1791 1792 1790 1782 1782 1762 1754 1755 1759 1766 1777 1777 1773 1771 1757 1754 1754 1763 1766 1764 1763 1762 1764 1754 1756 1740 1734 1734 1720 1722 1720 1725 1726 1728 1733 1730 1725 1712 1711 1724 1730 1724 1721 1708
1840 1832 1842 1856 1857 1855 1851 1842 1842 1835 1830 1829 1823 1827 1822 1822 1822 1831 1831 1833 1830 1826 1820 1813 1804 1802 1797 1801 1802 1800 1789 1783 1790 1788 1783 1769 1765 1769 1772 1776 1782 1791 1792 1787 1785 1769 1761 1754 1762 1764 1775 1782 1781 1773 1765 1756 1760 1753 1754 1764 1766 1763 1767 1762 1763 1755 1751 1739 1722 1736 1728 1736 1734 1737 1729 1741 1734 1726 1721 1712 1719 1725 1730 1713 1724
