Project 1 - Pathfinder/Project 1 Starter/data/grand_canyon.dat
ncols        600
nrows        400
[rows 114 to 151 of 400, columns 340 to 424 of 600]
1808 1802 1797 1758 1730 1807 1782 1794 1865 1848 1788 1820 1866 1837 1833 1861 1888 1900 1890 1918 1941 1962 1951 1946 1955 1981 2001 1990 2014 2015 2035 2050 2066 2085 2170 2163 2217 2225 2202 2199 2213 2230 2245 2223 2196 2129 2277 2382 2359 2413 2405 2412 2381 2385 2419 2431 2451 2425 2421 2468 2438 2472 2478 2484 2497 2528 2534 2524 2550 2546 2552 2555 2537 2565 2588 2598 2591 2591 2555 2577 2555 2589 2587 2602 2616
1785 1774 1700 1748 1799 1719 1764 1821 1796 1796 1800 1812 1850 1878 1888 1891 1869 1911 1918 1917 1932 1943 1937 1964 1975 1985 2003 2013 2013 2050 2052 2052 2075 2105 2155 2163 2164 2222 2212 2214 2232 2243 2256 2248 2237 2159 2233 2398 2399 2387 2421 2418 2397 2439 2414 2415 2425 2461 2432 2466 2474 2448 2483 2502 2474 2484 2519 2541 2546 2559 2564 2572 2546 2565 2577 2608 2600 2602 2579 2589 2581 2591 2613 2621 2621
1797 1698 1757 1775 1698 1794 1790 1783 1817 1815 1827 1817 1880 1890 1897 1892 1895 1894 1920 1939 1968 1957 1977 1981 1975 2016 1986 2007 2023 2056 2061 2072 2084 2103 2170 2183 2226 2199 2229 2231 2229 2247 2250 2261 2242 2234 2167 2331 2401 2411 2422 2428 2429 2409 2415 2448 2465 2465 2467 2463 2479 2489 2496 2476 2508 2485 2522 2554 2563 2558 2567 2581 2577 2581 2567 2595 2613 2603 2578 2588 2599 2572 2585 2610 2619
1764 1664 1671 1693 1740 1822 1841 1871 1847 1870 1815 1837 1882 1895 1881 1923 1930 1940 1938 1918 1955 1975 1994 1985 2016 2019 2031 2022 2045 2074 2079 2079 2090 2129 2199 2173 2227 2236 2225 2247 2259 2270 2280 2278 2271 2242 2146 2306 2345 2417 2411 2408 2412 2446 2450 2447 2438 2469 2471 2475 2486 2484 2505 2495 2501 2514 2485 2509 2523 2561 2566 2578 2577 2596 2582 2596 2616 2607 2574 2588 2602 2582 2627 2634 2651
1643 1684 1693 1815 1774 1810 1802 1810 1864 1853 1847 1883 1888 1883 1908 1912 1918 1922 1945 1952 1951 1956 1962 1986 1991 2002 2023 2033 2060 2054 2079 2093 2098 2137 2229 2210 2194 2239 2242 2250 2240 2264 2284 2286 2275 2254 2158 2274 2403 2400 2327 2411 2435 2441 2447 2454 2458 2463 2482 2494 2497 2496 2500 2493 2484 2513 2516 2515 2492 2506 2520 2561 2571 2597 2607 2606 2608 2609 2575 2602 2621 2594 2624 2601 2639
1664 1770 1803 1761 1845 1830 1847 1869 1873 1887 1883 1870 1892 1908 1926 1938 1928 1934 1947 1952 1967 1989 2007 2011 2014 2020 2034 2030 2032 2060 2085 2082 2077 2117 2167 2202 2243 2246 2256 2270 2264 2276 2282 2293 2281 2222 2187 2181 2211 2280 2395 2345 2371 2393 2418 2457 2451 2472 2483 2493 2501 2508 2513 2509 2503 2512 2529 2510 2526 2541 2530 2523 2524 2540 2580 2603 2617 2610 2603 2592 2625 2606 2630 2628 2644
1666 1688 1686 1702 1696 1733 1769 1833 1877 1903 1898 1900 1896 1912 1920 1930 1935 1961 1969 1975 1994 2004 2014 1978 1987 1998 2007 2019 2043 2073 2096 2115 2095 2110 2129 2219 2240 2224 2229 2218 2239 2259 2269 2267 2279 2243 2258 2203 2335 2267 2327 2419 2365 2435 2440 2437 2469 2485 2497 2506 2507 2498 2489 2496 2521 2530 2527 2539 2540 2535 2556 2553 2539 2562 2570 2564 2560 2620 2614 2594 2633 2622 2630 2659 2642
1735 1797 1786 1850 1849 1855 1787 1759 1761 1777 1892 1905 1899 1929 1936 1893 1892 1897 1967 1946 1988 1948 1964 1985 2011 2023 2034 2037 2058 2089 2108 2123 2108 2129 2164 2171 2167 2187 2187 2198 2224 2251 2254 2274 2285 2265 2269 2212 2277 2385 2398 2357 2399 2441 2403 2410 2445 2475 2487 2478 2478 2502 2510 2526 2522 2519 2541 2544 2532 2550 2530 2560 2566 2566 2587 2546 2588 2623 2598 2593 2614 2646 2640 2671 2653
1801 1818 1835 1840 1850 1862 1867 1873 1853 1827 1791 1794 1883 1829 1903 1939 1936 1945 1917 1945 1946 1968 1963 1993 2014 1992 2004 2027 2035 2041 2068 2100 2105 2125 2182 2220 2207 2245 2194 2230 2249 2231 2257 2253 2269 2289 2277 2240 2194 2372 2412 2411 2363 2445 2434 2452 2472 2440 2472 2483 2494 2510 2509 2500 2522 2524 2534 2538 2543 2547 2562 2551 2557 2572 2595 2570 2612 2625 2621 2618 2614 2646 2665 2673 2661
1813 1808 1819 1824 1840 1858 1859 1870 1886 1905 1918 1828 1884 1923 1943 1964 1967 1979 1953 1980 1964 2021 2002 1991 1987 2017 2026 2023 2044 2099 2103 2070 2096 2144 2195 2243 2205 2264 2228 2236 2256 2238 2266 2266 2294 2291 2277 2280 2245 2284 2415 2438 2417 2403 2406 2409 2441 2447 2467 2472 2498 2505 2502 2514 2530 2514 2541 2550 2553 2556 2532 2543 2566 2573 2572 2584 2555 2557 2571 2583 2619 2618 2647 2661 2672
1790 1819 1846 1846 1842 1851 1869 1893 1895 1922 1916 1882 1876 1898 1918 1938 1970 1980 1978 2004 2017 2024 2010 2015 2027 2016 2047 2044 2058 2081 2106 2097 2102 2152 2221 2246 2228 2254 2244 2235 2258 2281 2274 2285 2292 2312 2292 2304 2284 2212 2298 2370 2345 2411 2416 2437 2447 2430 2486 2501 2509 2517 2512 2530 2519 2502 2532 2513 2519 2545 2528 2562 2569 2584 2582 2593 2574 2593 2599 2567 2618 2622 2637 2659 2682
1820 1821 1825 1858 1858 1865 1891 1907 1910 1934 1879 1853 1904 1933 1942 1922 1946 1983 1974 2008 2003 1984 2016 2031 2037 2058 2059 2072 2097 2110 2134 2108 2110 2147 2219 2263 2265 2249 2265 2236 2264 2274 2283 2292 2309 2316 2316 2320 2321 2285 2226 2322 2432 2405 2445 2443 2438 2473 2472 2456 2464 2459 2462 2475 2501 2519 2520 2528 2552 2557 2546 2556 2552 2575 2592 2598 2602 2578 2615 2583 2601 2603 2639 2662 2656
1782 1797 1836 1835 1863 1861 1891 1897 1920 1806 1812 1831 1824 1842 1898 1902 1929 1971 1963 1962 1970 1998 1988 2009 2010 2028 2041 2059 2086 2123 2139 2111 2123 2162 2247 2218 2228 2239 2247 2249 2259 2274 2300 2308 2318 2319 2324 2317 2331 2333 2294 2268 2423 2429 2463 2466 2462 2477 2482 2479 2507 2518 2499 2500 2517 2518 2538 2538 2557 2569 2574 2574 2557 2552 2574 2602 2603 2576 2617 2603 2583 2623 2605 2605 2674
1788 1820 1841 1678 1522 1558 1610 1808 1595 1585 1847 1952 1886 1930 1932 1971 1993 1992 2008 2007 1999 1997 2009 2026 2033 2044 2046 2085 2109 2111 2127 2124 2139 2149 2159 2217 2268 2258 2250 2271 2263 2289 2301 2324 2331 2336 2317 2333 2338 2335 2318 2253 2314 2376 2341 2431 2362 2478 2483 2504 2490 2504 2524 2533 2535 2520 2513 2547 2557 2560 2575 2572 2584 2557 2594 2585 2606 2593 2598 2623 2613 2616 2627 2630 2616
1788 1651 1488 1432 1417 1431 1472 1506 1486 1549 1589 1643 1784 1804 1927 1899 1954 1967 2009 1997 1978 2022 2017 2013 2034 2042 2070 2094 2087 2114 2127 2133 2162 2252 2261 2214 2234 2224 2262 2280 2284 2288 2309 2321 2303 2321 2334 2346 2343 2350 2342 2285 2313 2461 2456 2446 2475 2423 2463 2504 2513 2525 2505 2534 2523 2536 2530 2515 2539 2552 2543 2554 2576 2583 2560 2599 2612 2617 2610 2617 2619 2638 2635 2636 2625
1420 1397 1368 1386 1420 1475 1489 1503 1519 1555 1548 1539 1575 1642 1832 1955 1885 1886 1967 1955 1971 2019 2038 2043 2049 2052 2069 2091 2115 2136 2124 2117 2167 2260 2261 2254 2276 2264 2249 2266 2286 2298 2282 2319 2334 2342 2350 2353 2349 2361 2351 2303 2305 2465 2459 2480 2482 2481 2501 2465 2444 2507 2516 2540 2544 2536 2552 2528 2531 2537 2574 2585 2585 2588 2592 2594 2620 2614 2598 2636 2631 2612 2636 2636 2638
1356 1345 1403 1456 1542 1762 1679 1604 1777 1839 1841 1756 1752 1667 1602 1688 1885 1947 1984 1992 1977 2032 2015 2006 1953 1976 2041 2079 2103 2072 2089 2096 2171 2159 2203 2198 2255 2265 2274 2277 2289 2292 2315 2313 2317 2344 2347 2364 2361 2371 2365 2301 2315 2476 2483 2478 2499 2501 2490 2494 2498 2522 2497 2482 2487 2530 2542 2557 2552 2554 2586 2556 2593 2600 2612 2594 2615 2637 2639 2622 2639 2629 2648 2639 2651
1329 1370 1398 1528 1790 1857 1858 1913 1926 1951 1955 1803 1897 1915 1825 1649 1728 1867 1902 1996 2024 2003 1895 1949 2032 2004 2076 2080 2069 2098 2109 2106 2168 2163 2241 2259 2265 2259 2272 2300 2310 2313 2304 2328 2334 2348 2366 2364 2376 2378 2362 2274 2296 2329 2372 2430 2457 2413 2436 2509 2525 2508 2510 2556 2559 2529 2525 2565 2566 2575 2590 2563 2573 2605 2607 2605 2606 2631 2647 2613 2635 2650 2634 2619 2657
1367 1394 1485 1456 1556 1870 1896 1870 1873 1899 1950 1849 1915 1956 1971 1967 1841 1708 1784 1887 1883 1888 1948 1992 2050 2081 2082 2109 2110 2124 2114 2107 2193 2260 2240 2225 2275 2276 2292 2297 2291 2307 2335 2342 2342 2349 2355 2364 2366 2368 2338 2275 2361 2482 2483 2473 2431 2487 2493 2453 2482 2529 2536 2528 2561 2562 2529 2553 2531 2565 2551 2598 2587 2601 2609 2634 2601 2622 2632 2629 2627 2632 2624 2644 2659
1364 1405 1488 1690 1584 1749 1777 1813 1864 1917 1956 1930 1942 1956 1938 1979 1904 1965 1942 1927 1825 1981 2003 1992 2050 2038 2080 2114 2117 2118 2108 2097 2167 2270 2270 2275 2268 2266 2295 2288 2311 2316 2313 2328 2341 2332 2350 2359 2365 2370 2362 2322 2325 2377 2409 2494 2499 2497 2507 2492 2483 2482 2507 2509 2541 2546 2548 2575 2589 2547 2586 2551 2577 2598 2620 2638 2640 2626 2635 2639 2637 2626 2651 2667 2647
1355 1361 1406 1467 1578 1826 1888 1867 1883 1916 1891 1895 1948 1964 1962 1980 1985 1995 2005 1987 1888 1982 2014 2008 2018 2088 2107 2098 2021 2073 2087 2102 2119 2160 2198 2243 2270 2270 2299 2309 2314 2304 2319 2324 2309 2349 2334 2338 2363 2368 2370 2346 2290 2406 2501 2488 2470 2513 2516 2507 2532 2499 2527 2527 2514 2509 2548 2545 2568 2599 2579 2604 2584 2586 2613 2600 2630 2620 2646 2656 2655 2645 2656 2667 2679
1420 1433 1437 1472 1492 1571 1766 1872 1920 1922 1914 1900 1932 1930 1963 1983 1996 1998 2010 1991 2006 1924 1934 1909 1992 2005 2061 1981 2083 2118 2103 2096 2136 2223 2234 2255 2279 2293 2281 2301 2300 2297 2302 2297 2320 2341 2348 2361 2364 2357 2366 2352 2334 2314 2335 2433 2479 2490 2517 2525 2537 2495 2555 2558 2550 2570 2545 2542 2583 2599 2590 2620 2625 2577 2617 2632 2616 2642 2632 2662 2671 2653 2657 2660 2681
1655 1651 1566 1691 1703 1589 1848 1884 1931 1938 1907 1918 1962 1971 1975 1999 1995 1999 2014 2023 2035 2027 2009 2015 2019 2026 2022 1977 2029 2139 2143 2134 2124 2206 2236 2238 2256 2279 2280 2278 2292 2274 2309 2334 2346 2349 2356 2343 2370 2376 2381 2373 2372 2366 2390 2391 2382 2444 2532 2530 2540 2528 2524 2542 2566 2553 2584 2554 2595 2592 2625 2614 2640 2634 2578 2591 2637 2641 2657 2620 2667 2673 2639 2672 2680
1717 1805 1815 1864 1840 1867 1856 1878 1872 1949 1933 1947 1941 1950 1967 1995 2001 2011 2023 2046 2046 2048 2043 1998 2022 2056 2084 2058 2018 2070 2108 2146 2141 2206 2231 2260 2270 2224 2255 2265 2289 2289 2302 2327 2326 2353 2363 2342 2373 2380 2396 2399 2403 2389 2371 2394 2428 2402 2447 2536 2536 2548 2568 2551 2541 2587 2587 2557 2590 2616 2603 2630 2638 2642 2605 2628 2619 2645 2657 2672 2651 2669 2677 2644 2662
1588 1797 1865 1847 1871 1881 1908 1924 1878 1888 1912 1941 1954 1976 1998 2012 2010 2024 2025 2032 2049 2066 2061 2069 2063 2068 2093 2077 2035 2065 2108 2143 2152 2204 2248 2198 2216 2285 2269 2299 2302 2323 2293 2320 2336 2332 2353 2364 2362 2391 2400 2410 2413 2421 2419 2379 2439 2446 2392 2418 2547 2570 2569 2579 2561 2573 2564 2576 2584 2604 2625 2594 2630 2644 2641 2619 2614 2651 2671 2674 2683 2650 2652 2677 2668
1457 1586 1848 1879 1867 1884 1899 1908 1923 1938 1923 1938 1961 1979 1991 1996 2012 2029 2023 2043 2043 2058 2063 2076 2077 2093 2101 2113 2055 2045 2109 2133 2171 2195 2152 2226 2212 2228 2250 2253 2272 2313 2327 2353 2361 2368 2375 2374 2390 2385 2381 2395 2422 2421 2438 2428 2422 2430 2459 2395 2416 2539 2577 2585 2583 2592 2562 2596 2577 2624 2632 2635 2625 2626 2642 2606 2595 2602 2641 2647 2657 2670 2689 2647 2683
1579 1813 1791 1862 1876 1888 1908 1917 1941 1927 1946 1975 1997 1987 1980 1997 2000 2017 2045 2045 2052 2064 2080 2078 2082 2097 2107 2126 2090 2070 2061 2084 2116 2147 2191 2201 2218 2265 2279 2258 2299 2318 2344 2315 2355 2343 2353 2376 2387 2408 2412 2405 2418 2437 2450 2445 2459 2460 2472 2465 2395 2423 2530 2548 2573 2593 2569 2598 2610 2616 2615 2637 2652 2641 2664 2643 2627 2608 2665 2669 2669 2678 2687 2647 2687
1871 1811 1857 1829 1843 1896 1902 1926 1932 1949 1948 1979 1963 1978 1997 1997 2006 2017 2029 2048 2059 2075 2084 2073 2094 2120 2119 2129 2126 2109 2099 2113 2132 2228 2249 2222 2256 2256 2285 2293 2300 2295 2320 2335 2319 2347 2356 2365 2377 2363 2355 2368 2383 2408 2415 2449 2453 2476 2468 2473 2463 2410 2420 2538 2580 2597 2592 2590 2615 2624 2639 2645 2627 2652 2671 2659 2665 2634 2636 2659 2677 2684 2691 2675 2672
1868 1843 1877 1902 1909 1915 1882 1915 1951 1951 1943 1942 1963 1969 1997 2020 2023 2026 2020 2028 2042 2051 2054 2072 2088 2090 2106 2129 2143 2125 2081 2137 2183 2247 2264 2263 2270 2256 2279 2264 2299 2305 2322 2277 2328 2344 2357 2363 2375 2387 2395 2394 2398 2412 2417 2434 2451 2466 2474 2479 2483 2457 2445 2409 2431 2454 2509 2464 2532 2584 2625 2647 2654 2657 2660 2663 2677 2702 2632 2625 2637 2683 2699 2699 2698
1856 1865 1895 1887 1898 1904 1919 1937 1935 1929 1956 1982 1990 1983 1981 1989 1997 2015 2024 2042 2063 2054 2070 2077 2070 2090 2108 2126 2149 2137 2112 2106 2198 2204 2167 2185 2194 2226 2232 2265 2256 2283 2268 2286 2283 2306 2337 2338 2368 2379 2400 2404 2422 2437 2434 2455 2461 2477 2463 2460 2492 2469 2463 2456 2470 2470 2587 2484 2591 2550 2625 2628 2651 2659 2658 2647 2661 2669 2651 2643 2642 2680 2690 2694 2694
1880 1889 1912 1895 1899 1881 1900 1915 1937 1954 1933 1956 1962 1969 1998 2008 2005 2017 2033 2045 2074 2064 2086 2077 2092 2104 2116 2136 2146 2146 2135 2109 2125 2171 2242 2238 2278 2257 2292 2311 2309 2322 2314 2280 2314 2328 2340 2354 2367 2366 2388 2388 2410 2418 2447 2458 2451 2468 2449 2466 2468 2482 2502 2505 2512 2507 2480 2504 2500 2552 2612 2615 2590 2628 2631 2650 2659 2686 2693 2668 2659 2674 2694 2705 2695
1852 1878 1828 1839 1842 1880 1922 1945 1940 1924 1956 1960 1980 1988 2002 2011 2014 2024 2055 2068 2020 2047 2053 2083 2085 2080 2100 2118 2124 2151 2134 2144 2208 2233 2258 2276 2280 2265 2288 2302 2296 2323 2333 2308 2331 2345 2351 2355 2354 2378 2400 2403 2430 2438 2414 2419 2452 2440 2456 2459 2479 2506 2514 2506 2516 2531 2500 2534 2541 2523 2574 2573 2614 2613 2627 2654 2653 2670 2705 2712 2695 2648 2660 2663 2700
1640 1692 1789 1837 1846 1864 1869 1886 1944 1943 1953 1962 1993 2006 2010 2021 2029 2038 2007 1996 2058 2027 2065 2048 2073 2094 2094 2134 2145 2129 2156 2136 2197 2235 2214 2227 2265 2290 2288 2317 2324 2308 2332 2345 2334 2326 2346 2357 2383 2392 2399 2409 2380 2411 2431 2443 2450 2475 2468 2481 2496 2510 2508 2519 2533 2549 2545 2529 2553 2526 2558 2556 2631 2639 2623 2665 2692 2661 2666 2691 2712 2724 2668 2690 2697
1662 1834 1870 1872 1891 1926 1937 1913 1895 1921 1945 1964 1985 1968 1992 2008 2021 1976 1979 1973 1982 2047 2077 2077 2052 2061 2053 2089 2072 2069 2088 2115 2122 2169 2177 2194 2212 2239 2269 2260 2310 2318 2324 2336 2350 2330 2361 2383 2380 2402 2422 2402 2386 2404 2425 2428 2454 2472 2493 2485 2494 2507 2509 2530 2549 2547 2556 2553 2540 2548 2523 2606 2618 2632 2647 2641 2656 2685 2687 2703 2707 2702 2724 2692 2686
1841 1836 1849 1884 1915 1926 1890 1839 1929 1945 1969 1948 1973 1989 1999 1939 1968 1990 2019 2033 2067 2015 2007 2025 2055 2081 2118 2067 2090 2139 2096 2100 2137 2256 2259 2254 2283 2305 2309 2299 2322 2322 2326 2343 2347 2364 2380 2381 2377 2408 2377 2375 2424 2422 2399 2449 2445 2437 2466 2459 2489 2493 2520 2516 2530 2551 2554 2558 2545 2541 2527 2597 2609 2587 2624 2643 2615 2626 2668 2642 2695 2696 2678 2702 2661
1772 1849 1871 1803 1719 1753 1814 1868 1835 1872 1873 1896 1945 1915 1952 1973 1981 2003 2024 2028 2066 2094 2087 2046 2053 2083 2101 2138 2154 2169 2158 2148 2128 2157 2216 2245 2271 2258 2297 2305 2326 2329 2292 2342 2342 2343 2337 2354 2324 2335 2366 2417 2415 2410 2431 2454 2469 2496 2490 2515 2488 2508 2506 2516 2532 2548 2565 2558 2560 2550 2535 2566 2607 2640 2608 2659 2669 2649 2680 2665 2689 2687 2714 2690 2719
1481 1596 1621 1645 1895 1931 1926 1911 1821 1883 1874 1856 1866 1976 1999 2010 2016 2043 2028 2048 2086 2121 2080 2099 2088 2125 2140 2152 2149 2188 2189 2165 2145 2122 2183 2243 2260 2303 2314 2318 2250 2227 2283 2291 2307 2301 2344 2347 2375 2401 2387 2403 2410 2417 2454 2466 2452 2450 2495 2489 2511 2523 2531 2540 2555 2556 2576 2576 2561 2562 2536 2559 2646 2676 2657 2656 2674 2683 2674 2684 2678 2701 2718 2725 2733
1556 1562 1666 1843 1888 1894 1833 1626 1587 1644 1607 1595 1659 1757 1775 2024 2032 2051 2063 2056 2101 2126 2132 2114 2089 2090 2117 2160 2178 2190 2208 2204 2174 2151 2132 2242 2265 2291 2236 2195 2289 2313 2325 2344 2350 2320 2300 2321 2336 2382 2391 2392 2388 2376 2418 2428 2415 2442 2451 2472 2504 2503 2531 2540 2545 2544 2560 2578 2585 2568 2557 2551 2647 2663 2662 2668 2676 2682 2696 2681 2666 2708 2706 2723 2739
