Project 1 - Pathfinder/Project 1 Starter/data/grand_canyon.dat
ncols        600
nrows        400
[rows 228 to 265 of 400, columns 510 to 594 of 600]
1214 947 889 817 909 1228 1181 1012 1062 1532 1864 1874 1860 1844 1800 1819 1792 1784 1787 1767 1759 1747 1728 1728 1692 1678 1398 1231 1185 1189 1407 1215 1051 1168 1072 1080 1440 1629 1614 1597 1592 1577 1568 1561 1547 1540 1546 1531 1528 1532 1533 1544 1528 1399 1388 1386 1512 1450 1424 1508 1526 1520 1508 1499 1495 1526 1540 1488 1488 1495 1499 1495 1511 1513 1511 1512 1521 1524 1524 1530 1535 1543 1533 1541 1539
1001 938 849 836 878 965 1138 1224 1118 1202 1515 1889 1834 1820 1806 1817 1795 1799 1786 1772 1719 1699 1675 1660 1686 1693 1671 1653 1560 1650 1634 1539 1400 1189 1063 1054 1308 1614 1611 1600 1584 1574 1561 1565 1566 1552 1539 1543 1531 1544 1528 1535 1521 1510 1505 1506 1517 1494 1509 1485 1464 1494 1475 1505 1507 1523 1526 1481 1487 1485 1490 1505 1503 1507 1510 1509 1513 1520 1531 1539 1545 1535 1533 1533 1537
1067 912 816 924 1052 1071 1159 1325 1507 1508 1574 1865 1850 1837 1833 1805 1795 1800 1786 1757 1727 1685 1687 1719 1683 1683 1634 1661 1656 1640 1641 1622 1585 1280 972 1308 1612 1617 1603 1598 1585 1568 1571 1564 1549 1547 1529 1522 1522 1534 1514 1502 1485 1526 1517 1515 1520 1514 1510 1510 1472 1514 1511 1509 1462 1498 1483 1475 1491 1494 1493 1496 1496 1509 1510 1520 1530 1539 1542 1543 1533 1525 1531 1529 1530
1080 827 842 886 979 965 1016 1191 1531 1875 1767 1958 1877 1838 1831 1809 1802 1794 1788 1753 1701 1710 1692 1710 1676 1649 1634 1635 1658 1624 1627 1339 1193 987 1178 1329 1601 1619 1596 1594 1574 1564 1558 1560 1549 1541 1539 1538 1522 1528 1536 1528 1516 1519 1524 1520 1517 1513 1506 1503 1504 1518 1570 1581 1513 1509 1473 1476 1481 1488 1490 1489 1496 1504 1509 1522 1540 1551 1545 1534 1532 1522 1523 1529 1526
950 823 846 907 1038 1244 1263 1521 1705 1535 2007 1930 1865 1852 1837 1796 1788 1790 1778 1768 1759 1718 1705 1713 1676 1657 1630 1618 1647 1642 1617 1622 1472 1080 984 1079 1074 1232 1504 1586 1567 1562 1545 1559 1549 1547 1543 1535 1530 1535 1526 1518 1516 1519 1522 1520 1513 1511 1512 1512 1512 1578 1557 1534 1504 1505 1478 1479 1481 1479 1485 1485 1486 1498 1506 1526 1541 1543 1537 1533 1524 1518 1522 1529 1521
903 811 858 897 938 1043 1183 1219 1237 1539 2011 1960 1889 1870 1838 1819 1785 1763 1766 1786 1769 1857 1777 1718 1665 1651 1632 1622 1648 1624 1611 1588 1596 1527 1227 1003 1057 1390 1583 1566 1557 1561 1555 1535 1534 1535 1535 1531 1527 1524 1523 1524 1518 1518 1524 1529 1529 1523 1520 1533 1528 1550 1525 1507 1495 1497 1486 1479 1498 1499 1488 1488 1485 1488 1507 1529 1531 1530 1524 1523 1517 1512 1524 1525 1522
886 817 855 953 1005 995 1123 1080 1184 1421 1988 1960 1903 1849 1840 1812 1791 1794 1791 1775 1757 1693 1683 1693 1664 1659 1626 1631 1634 1624 1623 1610 1573 1593 1190 1082 1455 1606 1591 1572 1556 1536 1548 1533 1507 1530 1534 1529 1522 1519 1521 1519 1521 1521 1535 1590 1601 1565 1536 1564 1602 1543 1526 1506 1495 1489 1489 1493 1516 1505 1490 1496 1492 1486 1499 1524 1518 1517 1515 1515 1514 1514 1521 1522 1514
824 863 934 921 1110 1236 1130 1271 1282 1707 1987 1956 1917 1881 1847 1824 1813 1806 1795 1744 1701 1679 1671 1670 1684 1651 1621 1641 1637 1612 1613 1584 1596 1221 1023 1253 1522 1597 1568 1554 1565 1545 1543 1538 1511 1515 1526 1523 1521 1515 1516 1517 1517 1524 1538 1611 1629 1571 1598 1601 1562 1535 1517 1507 1498 1500 1502 1500 1508 1503 1496 1498 1499 1493 1496 1506 1509 1509 1504 1509 1510 1515 1508 1514 1503
877 894 1002 1178 1257 1333 1412 1619 1473 1794 2047 1989 1918 1844 1879 1846 1821 1815 1805 1789 1722 1685 1676 1699 1679 1647 1617 1640 1629 1609 1599 1604 1484 1132 987 1078 1384 1588 1574 1549 1533 1535 1503 1532 1495 1522 1521 1520 1521 1515 1517 1514 1511 1514 1529 1590 1562 1555 1549 1583 1557 1541 1527 1510 1508 1508 1516 1512 1512 1507 1508 1506 1503 1494 1498 1495 1502 1499 1511 1520 1513 1509 1505 1501 1512
934 900 993 1045 1237 1298 1730 1867 1763 2078 2026 1991 1956 1851 1866 1862 1833 1808 1777 1764 1706 1696 1685 1695 1651 1647 1610 1625 1600 1603 1595 1593 1593 1594 1404 1103 1150 1570 1572 1556 1546 1508 1495 1439 1516 1521 1510 1507 1515 1509 1511 1501 1505 1507 1532 1535 1582 1542 1540 1544 1539 1530 1537 1520 1516 1527 1520 1517 1520 1518 1507 1509 1505 1500 1494 1494 1497 1498 1503 1506 1511 1508 1500 1499 1497
1065 973 991 1235 1237 1293 1623 1832 2013 1957 1954 1904 1904 1929 1907 1864 1874 1866 1807 1749 1725 1697 1686 1663 1653 1625 1614 1607 1578 1549 1571 1523 1494 1531 1554 1353 994 1154 1057 1552 1550 1532 1286 1526 1521 1517 1510 1507 1510 1502 1497 1505 1496 1506 1524 1507 1542 1542 1520 1528 1522 1528 1560 1542 1542 1535 1524 1527 1542 1519 1520 1514 1511 1503 1502 1491 1492 1491 1499 1505 1497 1494 1496 1493 1504
1033 1118 989 1013 1075 1203 1527 1870 2046 1956 2045 1998 1956 1965 1907 1934 1889 1909 1830 1812 1762 1716 1679 1673 1663 1651 1604 1584 1597 1596 1585 1591 1582 1575 1574 1544 1366 1257 1082 1391 1552 1286 1246 1515 1522 1499 1504 1502 1497 1475 1504 1500 1488 1495 1499 1494 1501 1524 1509 1506 1520 1529 1546 1562 1558 1540 1536 1543 1541 1533 1525 1527 1516 1510 1508 1503 1496 1490 1490 1489 1487 1486 1493 1500 1505
1212 1171 1003 1160 1278 1579 1794 2081 2023 2043 2032 2028 2010 1967 1973 1960 1913 1834 1812 1811 1720 1693 1715 1688 1659 1614 1595 1595 1621 1615 1609 1587 1575 1558 1573 1527 1552 1516 1412 1047 1056 1135 1553 1471 1159 1281 1300 1348 1462 1450 1474 1492 1466 1480 1499 1486 1492 1498 1501 1519 1523 1533 1553 1556 1556 1547 1554 1549 1551 1549 1553 1551 1538 1527 1534 1517 1503 1501 1490 1488 1478 1484 1490 1494 1494
1149 1225 1045 1164 1314 1647 2081 2075 2031 2054 2033 2023 2007 1984 1974 1959 1941 1896 1891 1841 1803 1752 1715 1662 1678 1635 1615 1597 1620 1624 1618 1607 1586 1581 1561 1538 1574 1556 1557 1556 1355 1312 1188 1046 1173 1502 1511 1516 1497 1496 1491 1500 1497 1502 1500 1495 1499 1507 1503 1503 1515 1523 1530 1552 1541 1553 1567 1566 1568 1558 1550 1539 1539 1532 1532 1517 1509 1506 1496 1490 1485 1478 1486 1478 1483
1336 1178 1093 1206 1353 1721 2104 2066 2032 2050 1992 1991 1997 1969 1962 1959 1934 1903 1902 1832 1817 1745 1728 1721 1665 1652 1611 1629 1647 1638 1620 1626 1605 1597 1589 1588 1570 1562 1562 1583 1576 1566 1468 1102 1523 1508 1513 1515 1513 1502 1510 1597 1525 1512 1508 1513 1511 1525 1512 1515 1512 1516 1525 1529 1541 1553 1561 1561 1567 1555 1550 1542 1534 1527 1513 1510 1501 1491 1487 1484 1481 1476 1476 1472 1466
1511 1355 1290 1208 1543 1894 2073 2032 1990 2013 1948 2018 1937 1940 1954 1945 1915 1908 1901 1796 1815 1776 1753 1758 1666 1680 1632 1638 1658 1652 1651 1636 1582 1593 1606 1602 1605 1593 1568 1563 1580 1119 1199 1548 1521 1514 1522 1520 1521 1530 1516 1614 1606 1544 1552 1593 1546 1529 1522 1520 1521 1520 1528 1535 1541 1549 1566 1555 1558 1561 1550 1540 1533 1528 1516 1505 1498 1504 1503 1494 1492 1486 1480 1469 1471
1513 1370 1244 1425 1641 2078 2048 2016 1990 1957 1986 1929 1949 1926 1865 1919 1870 1882 1859 1841 1743 1696 1675 1677 1664 1668 1643 1658 1653 1651 1627 1647 1621 1623 1636 1625 1619 1592 1591 1578 1572 1105 1217 1559 1548 1529 1531 1521 1522 1523 1531 1561 1612 1608 1613 1588 1555 1559 1530 1527 1526 1528 1550 1546 1556 1566 1567 1557 1552 1544 1537 1532 1522 1512 1511 1509 1509 1511 1507 1496 1487 1484 1478 1480 1473
1617 1358 1262 1564 1824 2082 2055 2041 2018 1978 2008 1945 1969 1982 1956 1946 1949 1939 1920 1835 1789 1797 1786 1743 1740 1715 1672 1659 1676 1671 1649 1667 1640 1645 1655 1638 1621 1637 1640 1577 1421 1549 1364 1220 1562 1541 1535 1514 1518 1519 1534 1547 1602 1598 1622 1590 1559 1575 1536 1543 1540 1540 1555 1557 1561 1569 1559 1548 1551 1543 1541 1529 1522 1516 1513 1507 1516 1507 1500 1495 1487 1485 1486 1483 1484
1376 1423 1464 1564 1817 2110 2049 2035 2028 2023 1992 1964 1962 1983 2021 2037 1986 1940 1917 1820 1801 1803 1775 1775 1751 1730 1719 1696 1685 1683 1666 1674 1663 1649 1642 1453 1109 1089 1357 1446 1131 1142 1325 1545 1553 1539 1527 1521 1509 1517 1532 1561 1557 1567 1593 1573 1561 1560 1546 1574 1541 1547 1558 1569 1567 1571 1556 1551 1553 1540 1538 1533 1524 1525 1520 1516 1508 1511 1497 1494 1485 1491 1486 1484 1493
1550 1749 1686 1584 1760 2087 2061 2039 2018 2016 1986 1969 1964 2003 2132 2116 1989 1926 1900 1813 1798 1793 1761 1773 1759 1737 1746 1711 1698 1706 1696 1690 1685 1680 1660 1504 1145 1423 1144 1131 1303 1227 1543 1558 1552 1536 1528 1527 1517 1524 1527 1532 1543 1553 1580 1574 1579 1566 1564 1570 1549 1544 1555 1568 1576 1565 1563 1558 1553 1546 1541 1536 1533 1525 1517 1517 1511 1502 1502 1496 1495 1486 1482 1481 1478
1756 1878 1865 1740 1669 1963 2049 2046 2024 2011 1988 1967 1967 1996 1978 1969 1927 1897 1841 1806 1802 1784 1769 1778 1739 1744 1745 1705 1697 1706 1707 1674 1685 1677 1618 1323 1080 1592 1641 1637 1622 1611 1548 1581 1561 1557 1536 1534 1527 1522 1528 1539 1546 1556 1595 1583 1575 1577 1576 1575 1561 1551 1561 1578 1573 1570 1567 1558 1550 1546 1541 1537 1530 1531 1514 1521 1513 1507 1496 1491 1485 1483 1472 1465 1459
1952 2258 2229 2064 1866 1885 1971 2069 2022 1992 1986 1969 1946 1971 1955 1927 1886 1837 1836 1788 1787 1780 1761 1749 1734 1727 1712 1685 1682 1680 1690 1654 1625 1593 1495 1527 1510 1087 1683 1651 1629 1623 1603 1597 1593 1560 1546 1535 1531 1532 1532 1539 1544 1563 1602 1604 1596 1589 1585 1588 1566 1565 1566 1579 1583 1572 1558 1557 1560 1556 1547 1540 1534 1532 1528 1511 1509 1501 1495 1478 1476 1470 1475 1464 1455
2285 2284 2280 2264 2202 2053 2164 2085 2022 1990 1976 1995 1943 1897 1869 1868 1841 1833 1782 1760 1763 1756 1737 1734 1730 1710 1714 1677 1708 1701 1697 1682 1672 1695 1688 1680 1559 1194 1277 1652 1651 1627 1619 1627 1610 1587 1553 1541 1533 1539 1541 1547 1557 1570 1599 1610 1592 1587 1593 1577 1577 1567 1564 1576 1575 1571 1572 1573 1565 1556 1542 1535 1525 1538 1519 1508 1503 1498 1481 1484 1489 1487 1480 1469 1455
2268 2268 2270 2262 2255 2210 2156 2074 2096 2072 2035 2036 2025 1945 1946 1923 1827 1792 1809 1801 1789 1770 1751 1741 1738 1716 1730 1691 1694 1709 1699 1692 1706 1710 1702 1565 1224 1198 1671 1669 1653 1654 1643 1631 1608 1600 1588 1554 1543 1554 1555 1561 1581 1591 1603 1609 1604 1595 1588 1585 1585 1582 1575 1572 1574 1581 1574 1565 1555 1546 1535 1530 1517 1513 1508 1505 1500 1501 1495 1497 1494 1488 1480 1481 1471
2254 2239 2248 2242 2240 2224 2155 2088 2152 2118 2095 2098 2015 1986 2003 1992 1946 1877 1855 1818 1800 1778 1764 1750 1749 1744 1721 1700 1697 1715 1705 1707 1707 1706 1698 1329 1111 1439 1689 1689 1677 1674 1657 1643 1622 1605 1605 1590 1558 1557 1597 1564 1583 1635 1623 1617 1615 1607 1603 1596 1591 1593 1584 1572 1584 1582 1573 1558 1542 1534 1527 1528 1522 1517 1516 1508 1504 1509 1496 1518 1501 1488 1488 1490 1474
2227 2242 2232 2230 2228 2209 2148 2086 2153 2145 2097 2059 2126 2024 2056 2053 1994 1923 1860 1820 1804 1777 1763 1749 1738 1730 1719 1716 1714 1708 1719 1713 1702 1700 1696 1587 1126 1220 1289 1532 1683 1673 1670 1651 1636 1631 1605 1590 1597 1586 1582 1581 1608 1653 1637 1627 1631 1619 1612 1609 1607 1599 1595 1572 1569 1563 1556 1548 1543 1536 1531 1537 1529 1526 1524 1523 1514 1514 1518 1508 1500 1487 1477 1469 1466
2225 2199 2215 2192 2174 2178 2109 2105 2137 2123 2144 2082 2122 2111 2074 2063 2055 1978 1953 1841 1811 1797 1779 1763 1746 1741 1716 1712 1704 1697 1712 1701 1703 1680 1692 1690 1559 1493 1253 1263 1669 1675 1671 1655 1642 1634 1615 1619 1609 1595 1590 1623 1613 1654 1647 1638 1627 1628 1619 1609 1605 1597 1588 1576 1568 1574 1570 1553 1548 1545 1538 1542 1535 1548 1534 1534 1529 1525 1510 1510 1497 1485 1471 1465 1464
2213 2202 2196 2187 2190 2185 2122 2120 2143 2158 2147 2090 2122 2099 2100 2088 2028 2046 2012 1937 1833 1791 1773 1759 1750 1732 1719 1711 1701 1695 1706 1706 1667 1678 1671 1681 1395 1216 1200 1684 1677 1668 1662 1657 1630 1618 1631 1634 1637 1661 1608 1628 1659 1657 1643 1635 1635 1625 1614 1606 1602 1603 1584 1573 1566 1559 1562 1554 1549 1551 1555 1543 1533 1527 1529 1521 1522 1514 1502 1495 1495 1484 1478 1491 1473
2205 2188 2173 2166 2152 2161 2134 2125 2147 2148 2119 2098 2112 2063 2068 2041 1973 1919 1900 1879 1834 1809 1781 1765 1753 1730 1722 1721 1716 1704 1703 1690 1708 1680 1679 1671 1223 1271 1677 1673 1676 1670 1657 1646 1640 1637 1634 1676 1660 1664 1661 1675 1651 1678 1647 1631 1631 1630 1622 1612 1592 1583 1574 1567 1567 1575 1576 1571 1567 1561 1556 1546 1540 1533 1525 1517 1514 1510 1498 1489 1495 1483 1476 1469 1461
2181 2161 2179 2171 2154 2126 2116 2119 2134 2136 2111 2109 2108 2066 2047 2044 2034 2060 2002 2020 1940 1835 1785 1775 1749 1723 1713 1707 1709 1704 1689 1692 1700 1690 1684 1683 1347 1109 1220 1321 1675 1659 1647 1643 1638 1638 1644 1694 1660 1654 1644 1639 1635 1628 1627 1644 1614 1621 1626 1595 1617 1602 1579 1586 1580 1568 1562 1566 1556 1553 1551 1549 1547 1535 1519 1516 1507 1508 1506 1500 1482 1468 1458 1463 1449
2141 2153 2166 2165 2135 2126 2116 2116 2117 2102 2106 2099 2093 2070 2042 2059 2054 2050 2020 2042 1980 1872 1790 1763 1757 1738 1728 1724 1707 1694 1692 1692 1680 1680 1679 1640 1494 1525 1586 1143 1664 1661 1649 1648 1644 1649 1649 1658 1659 1660 1651 1647 1634 1630 1625 1626 1636 1634 1620 1607 1607 1587 1585 1570 1562 1565 1552 1548 1549 1542 1539 1551 1541 1532 1523 1512 1508 1495 1492 1492 1496 1481 1465 1459 1445
2112 2136 2148 2124 2119 2116 2126 2117 2089 2088 2104 2090 2100 2104 2028 2044 2037 2041 1991 1984 1973 1934 1868 1767 1752 1724 1715 1711 1705 1701 1683 1695 1692 1691 1682 1415 1105 1211 1253 1503 1663 1661 1658 1653 1653 1657 1682 1731 1687 1659 1651 1644 1645 1644 1649 1649 1637 1628 1615 1609 1607 1581 1578 1572 1565 1548 1546 1541 1528 1534 1523 1528 1528 1537 1536 1523 1521 1506 1495 1482 1478 1478 1477 1474 1451
2112 2112 2116 2104 2106 2117 2106 2106 2077 2087 2087 2073 2081 2088 2032 2019 2025 2027 2027 2032 1990 1961 1913 1799 1757 1745 1727 1711 1708 1678 1694 1678 1690 1689 1678 1144 1444 1447 1633 1655 1657 1655 1651 1655 1659 1666 1685 1700 1663 1653 1646 1638 1640 1641 1680 1655 1628 1608 1601 1594 1592 1583 1576 1583 1572 1557 1554 1545 1531 1523 1514 1505 1507 1519 1517 1519 1514 1503 1497 1487 1477 1463 1473 1463 1460
2079 2089 2103 2091 2089 2095 2093 2073 2074 2075 2067 2086 2077 2064 2011 2023 2032 2025 2028 2029 2026 2007 1953 1832 1769 1741 1727 1719 1707 1667 1680 1650 1688 1688 1226 1180 1345 1326 1387 1648 1648 1653 1649 1648 1650 1663 1698 1675 1666 1651 1644 1637 1629 1630 1625 1615 1615 1626 1613 1604 1597 1583 1589 1576 1561 1556 1546 1542 1530 1523 1517 1512 1495 1505 1507 1496 1505 1497 1490 1477 1474 1468 1454 1458 1454
2069 2086 2091 2074 2089 2072 2060 2065 2065 2066 2063 2070 2073 2067 2007 2014 2014 2023 2019 2016 2010 1959 1957 1800 1776 1762 1740 1719 1706 1710 1691 1671 1639 1613 1171 1490 1626 1618 1652 1644 1641 1644 1641 1646 1639 1666 1718 1661 1648 1648 1647 1645 1649 1677 1648 1630 1626 1612 1604 1601 1598 1583 1574 1574 1562 1555 1551 1538 1536 1527 1519 1516 1493 1488 1508 1499 1481 1490 1482 1478 1465 1458 1452 1445 1437
2059 2066 2073 2048 2060 2049 2067 2057 2050 2055 2031 2061 2075 2020 1999 1983 1985 2014 2010 1991 1965 1942 1917 1852 1868 1767 1742 1728 1713 1706 1690 1686 1671 1662 1456 1286 1669 1656 1650 1644 1637 1637 1637 1638 1634 1638 1687 1676 1635 1625 1622 1626 1645 1657 1650 1647 1632 1629 1622 1600 1591 1579 1566 1576 1565 1567 1568 1563 1542 1526 1516 1508 1503 1490 1488 1476 1480 1468 1473 1470 1457 1461 1455 1440 1435
2045 2058 2056 2029 2036 2050 2049 2041 2053 2053 2051 2053 2064 2043 1973 1986 1966 1982 1996 1999 1984 1958 1910 1942 1895 1802 1744 1725 1704 1682 1677 1647 1639 1531 1165 1670 1664 1652 1631 1646 1633 1629 1633 1636 1637 1632 1640 1638 1630 1623 1612 1623 1636 1610 1627 1619 1609 1598 1588 1583 1580 1582 1558 1568 1560 1555 1562 1553 1540 1535 1538 1526 1508 1501 1495 1488 1470 1445 1477 1459 1455 1447 1444 1437 1426
2048 2039 2029 2017 2030 2035 2033 2046 2042 2051 2045 2017 2043 2045 1973 1967 1963 1984 1988 1992 1962 1944 1927 1934 1934 1857 1776 1739 1707 1709 1693 1678 1678 1511 1278 1661 1650 1443 1267 1639 1634 1632 1637 1638 1639 1629 1633 1627 1621 1616 1608 1616 1624 1591 1592 1633 1617 1612 1603 1592 1599 1591 1559 1558 1552 1544 1548 1571 1550 1533 1529 1520 1498 1487 1489 1474 1455 1447 1456 1429 1423 1451 1444 1431 1417
