Project 1 - Pathfinder/Project 1 Starter/data/kilimanjaro_hires.dat
ncols 351
nrows 301
[rows 76 to 113 of 301, columns 84 to 167 of 351]
2292 2305 2315 2330 2331 2337 2354 2358 2366 2376 2373 2368 2380 2396 2407 2393 2394 2389 2416 2435 2446 2453 2458 2453 2450 2412 2426 2381 2368 2381 2382 2402 2402 2409 2407 2403 2387 2375 2380 2366 2362 2366 2365 2353 2345 2333 2314 2298 2275 2252 2257 2234 2198 2194 2192 2194 2207 2192 2202 2201 2234 2258 2287 2311 2322 2297 2276 2259 2245 2245 2214 2228 2210 2176 2192 2206 2207 2166 2180 2182 2184 2195 2187 2156
2308 2322 2344 2348 2356 2365 2374 2368 2397 2403 2405 2397 2409 2399 2418 2414 2409 2405 2426 2458 2487 2497 2495 2484 2476 2470 2465 2441 2408 2429 2427 2435 2440 2441 2450 2434 2432 2423 2407 2395 2381 2384 2375 2363 2353 2345 2326 2316 2299 2280 2277 2239 2211 2222 2218 2228 2240 2220 2223 2207 2242 2264 2308 2342 2345 2339 2300 2275 2281 2275 2260 2267 2237 2189 2235 2250 2246 2234 2219 2219 2213 2224 2221 2194
2321 2335 2362 2367 2373 2384 2389 2397 2407 2423 2430 2421 2434 2413 2429 2431 2425 2458 2477 2509 2514 2541 2540 2534 2517 2514 2528 2541 2464 2471 2473 2471 2482 2493 2491 2476 2459 2452 2443 2422 2410 2403 2391 2376 2383 2370 2346 2325 2312 2303 2289 2243 2255 2250 2252 2256 2281 2258 2264 2247 2280 2292 2332 2370 2383 2374 2355 2316 2325 2312 2306 2301 2271 2258 2285 2293 2286 2256 2274 2263 2259 2268 2241 2210
2332 2352 2369 2380 2399 2399 2407 2420 2411 2435 2441 2446 2461 2446 2442 2454 2464 2503 2531 2522 2570 2577 2605 2602 2591 2554 2560 2560 2489 2514 2521 2515 2527 2537 2522 2511 2496 2491 2476 2459 2438 2435 2417 2411 2416 2396 2370 2339 2340 2325 2298 2256 2283 2279 2301 2307 2312 2314 2304 2311 2321 2322 2345 2382 2401 2398 2377 2360 2363 2345 2344 2335 2301 2301 2320 2346 2300 2291 2305 2308 2284 2269 2224 2256
2343 2374 2397 2401 2421 2423 2441 2437 2441 2453 2463 2466 2472 2477 2480 2496 2532 2549 2558 2541 2574 2606 2616 2641 2612 2585 2575 2548 2527 2560 2581 2581 2578 2575 2569 2554 2536 2523 2511 2502 2482 2470 2458 2453 2443 2411 2401 2376 2359 2359 2315 2297 2289 2316 2335 2337 2341 2346 2349 2352 2355 2374 2377 2382 2403 2411 2405 2405 2406 2399 2390 2382 2297 2349 2361 2363 2327 2347 2322 2331 2297 2282 2282 2281
2389 2418 2427 2432 2442 2447 2449 2451 2460 2470 2488 2496 2485 2513 2507 2517 2537 2580 2573 2622 2602 2621 2635 2652 2635 2600 2591 2582 2576 2613 2627 2620 2605 2610 2605 2578 2567 2564 2551 2531 2515 2506 2487 2479 2460 2447 2434 2404 2389 2376 2351 2335 2327 2355 2366 2372 2375 2371 2381 2384 2388 2405 2407 2421 2441 2456 2437 2448 2485 2462 2437 2403 2371 2404 2391 2380 2371 2360 2352 2354 2308 2306 2313 2295
2426 2455 2447 2452 2457 2457 2466 2465 2478 2478 2498 2501 2517 2527 2536 2551 2570 2617 2648 2645 2627 2652 2705 2688 2701 2640 2617 2624 2650 2657 2665 2654 2640 2637 2632 2603 2607 2598 2592 2566 2562 2530 2529 2517 2501 2489 2459 2448 2426 2389 2381 2368 2366 2376 2403 2410 2402 2406 2428 2423 2426 2436 2453 2456 2465 2494 2473 2485 2523 2523 2474 2445 2385 2428 2423 2392 2403 2391 2376 2384 2339 2334 2333 2312
2448 2449 2461 2472 2470 2471 2480 2491 2500 2504 2510 2520 2532 2539 2569 2588 2609 2630 2649 2654 2663 2729 2748 2697 2785 2733 2701 2726 2733 2699 2698 2682 2675 2668 2665 2643 2660 2642 2623 2617 2597 2577 2564 2535 2529 2505 2502 2465 2458 2441 2436 2417 2412 2413 2431 2450 2448 2447 2454 2472 2450 2464 2492 2499 2500 2513 2517 2519 2536 2528 2495 2438 2451 2453 2456 2425 2430 2419 2399 2406 2376 2363 2355 2346
2472 2492 2475 2477 2483 2490 2507 2509 2520 2535 2523 2543 2552 2562 2584 2603 2620 2647 2660 2669 2681 2780 2808 2736 2786 2818 2756 2764 2756 2748 2727 2728 2718 2711 2702 2683 2685 2680 2670 2650 2626 2609 2589 2572 2557 2540 2538 2512 2480 2479 2458 2468 2454 2459 2475 2497 2487 2494 2488 2503 2493 2507 2524 2535 2538 2541 2554 2561 2569 2559 2532 2530 2504 2496 2487 2456 2460 2441 2425 2421 2413 2401 2390 2380
2505 2498 2486 2498 2496 2503 2524 2527 2537 2547 2545 2566 2574 2589 2609 2615 2633 2659 2676 2689 2691 2774 2866 2817 2776 2825 2783 2787 2777 2774 2751 2747 2738 2736 2723 2713 2718 2712 2704 2683 2654 2646 2632 2609 2587 2583 2559 2545 2543 2527 2512 2512 2494 2511 2490 2533 2535 2542 2543 2550 2556 2559 2554 2557 2572 2570 2573 2579 2587 2570 2561 2561 2546 2525 2508 2500 2482 2465 2437 2420 2432 2433 2413 2414
2523 2520 2500 2503 2511 2523 2535 2561 2561 2560 2574 2571 2590 2602 2619 2643 2651 2677 2699 2714 2725 2722 2762 2790 2812 2811 2808 2813 2810 2801 2775 2769 2766 2764 2758 2744 2746 2762 2722 2709 2687 2684 2668 2643 2621 2616 2596 2586 2570 2554 2530 2554 2540 2566 2547 2552 2602 2605 2609 2612 2622 2621 2600 2587 2589 2600 2600 2592 2584 2589 2579 2575 2579 2562 2550 2542 2537 2481 2464 2460 2476 2448 2457 2453
2491 2529 2552 2537 2590 2557 2574 2576 2569 2580 2590 2599 2605 2624 2627 2650 2673 2699 2718 2732 2764 2779 2801 2816 2827 2827 2834 2839 2835 2819 2822 2817 2805 2804 2808 2779 2781 2784 2769 2755 2727 2718 2695 2683 2679 2656 2637 2624 2606 2598 2588 2591 2607 2615 2610 2607 2657 2647 2665 2685 2689 2667 2640 2641 2616 2618 2623 2632 2608 2612 2609 2602 2588 2570 2585 2582 2554 2514 2503 2507 2521 2476 2493 2495
2461 2495 2591 2576 2608 2629 2597 2585 2591 2610 2620 2624 2629 2635 2648 2664 2687 2701 2723 2740 2758 2784 2808 2831 2846 2852 2862 2869 2861 2860 2861 2861 2858 2836 2834 2823 2814 2826 2797 2776 2760 2751 2732 2715 2705 2696 2669 2658 2641 2624 2635 2645 2647 2648 2668 2670 2696 2692 2709 2728 2713 2706 2679 2687 2675 2649 2653 2644 2634 2633 2635 2605 2601 2598 2601 2586 2551 2529 2563 2541 2549 2532 2536 2535
2438 2488 2559 2615 2628 2620 2620 2598 2607 2622 2634 2652 2658 2660 2657 2655 2692 2710 2722 2741 2767 2796 2809 2837 2859 2874 2885 2898 2900 2902 2901 2889 2892 2862 2854 2856 2860 2851 2838 2807 2803 2797 2779 2771 2740 2735 2720 2701 2696 2655 2696 2731 2689 2705 2725 2733 2734 2756 2757 2762 2766 2757 2742 2721 2710 2691 2673 2661 2661 2653 2640 2619 2622 2616 2591 2581 2601 2566 2589 2581 2581 2557 2557 2558
2454 2491 2517 2545 2596 2627 2619 2616 2631 2666 2658 2670 2685 2697 2690 2700 2701 2714 2735 2756 2776 2804 2828 2844 2876 2891 2908 2911 2919 2925 2930 2920 2913 2897 2885 2868 2889 2864 2857 2844 2832 2830 2817 2813 2801 2795 2780 2749 2736 2729 2705 2735 2732 2757 2762 2766 2790 2806 2813 2804 2812 2812 2790 2779 2760 2737 2695 2668 2675 2665 2651 2651 2656 2630 2594 2608 2635 2604 2609 2618 2600 2588 2595 2588
2451 2498 2522 2552 2622 2685 2650 2633 2638 2661 2702 2681 2715 2716 2742 2757 2745 2729 2740 2775 2796 2816 2843 2867 2888 2897 2921 2930 2941 2942 2948 2942 2932 2925 2913 2896 2909 2897 2876 2862 2866 2859 2846 2844 2843 2837 2829 2794 2799 2767 2759 2767 2772 2791 2800 2822 2839 2845 2860 2863 2849 2859 2845 2805 2793 2766 2713 2688 2702 2696 2685 2675 2671 2662 2640 2637 2665 2655 2656 2648 2634 2640 2628 2622
2438 2479 2507 2573 2697 2698 2669 2679 2719 2680 2700 2691 2755 2764 2734 2790 2811 2771 2762 2788 2808 2834 2856 2890 2902 2924 2933 2944 2952 2964 2974 2972 2945 2937 2926 2930 2923 2927 2912 2905 2887 2882 2876 2886 2880 2870 2859 2842 2836 2803 2801 2807 2819 2837 2845 2863 2878 2892 2885 2899 2896 2892 2881 2846 2817 2798 2744 2714 2721 2719 2719 2703 2719 2712 2690 2677 2681 2705 2693 2681 2678 2682 2678 2656
2425 2466 2509 2553 2607 2632 2659 2671 2686 2700 2682 2691 2738 2804 2774 2821 2867 2792 2784 2803 2836 2843 2877 2916 2943 2952 2951 2957 2968 2981 2991 2995 2998 2979 2963 2961 2957 2954 2946 2946 2919 2917 2912 2923 2906 2900 2879 2879 2863 2852 2831 2840 2849 2870 2878 2894 2915 2910 2932 2923 2927 2923 2900 2875 2838 2809 2781 2739 2756 2753 2742 2742 2745 2743 2733 2719 2712 2736 2723 2701 2725 2701 2704 2682
2431 2462 2515 2550 2577 2603 2649 2665 2649 2647 2658 2692 2726 2780 2855 2848 2847 2786 2802 2828 2881 2922 2956 2974 2978 2979 2973 2973 2978 2995 3006 3017 3015 3019 3007 2981 2996 2983 2976 2960 2943 2952 2960 2952 2943 2936 2918 2911 2894 2894 2879 2877 2894 2904 2926 2948 2973 2975 2984 2973 2967 2957 2930 2915 2880 2836 2824 2773 2763 2780 2763 2781 2761 2769 2772 2765 2762 2759 2736 2734 2748 2737 2727 2729
2433 2459 2487 2523 2547 2576 2590 2605 2627 2650 2668 2689 2721 2775 2802 2816 2813 2799 2812 2857 2932 2985 3022 3019 3001 2990 2990 2995 3004 3013 3019 3029 3032 3032 3031 3019 3029 3011 2998 3003 2986 2994 2985 2981 2970 2959 2952 2948 2928 2915 2912 2922 2928 2937 2954 2990 3022 3008 3029 3002 2993 2990 2962 2920 2892 2866 2846 2813 2773 2799 2797 2806 2815 2808 2802 2805 2794 2792 2772 2789 2780 2763 2763 2777
2423 2450 2480 2515 2537 2543 2574 2604 2640 2659 2682 2701 2728 2770 2791 2803 2814 2812 2852 2885 2956 3014 3017 3026 3018 3011 3008 3016 3023 3033 3043 3042 3052 3056 3048 3044 3045 3043 3025 3022 3020 3030 3026 3008 2995 2989 2989 2981 2954 2958 2953 2972 2956 2982 2995 3028 3049 3038 3053 3051 3044 3023 3009 2977 2921 2906 2882 2843 2816 2830 2825 2846 2858 2846 2861 2837 2849 2840 2824 2828 2828 2816 2808 2819
2425 2455 2474 2497 2523 2553 2581 2608 2635 2665 2694 2722 2747 2765 2797 2821 2829 2841 2870 2891 2918 3007 3022 3028 3036 3016 3031 3051 3045 3057 3068 3077 3078 3074 3069 3066 3061 3057 3050 3050 3049 3056 3037 3030 3021 3013 3014 3009 2999 2979 2988 3008 2994 3032 3039 3064 3080 3088 3087 3094 3096 3075 3059 3013 2995 2959 2922 2894 2826 2858 2852 2861 2898 2897 2903 2877 2877 2874 2867 2879 2873 2890 2854 2883
2430 2459 2480 2503 2536 2568 2601 2617 2649 2679 2700 2737 2757 2777 2795 2825 2838 2850 2851 2894 2932 2962 3010 3041 3022 3028 3046 3056 3067 3080 3088 3087 3089 3081 3086 3077 3075 3068 3074 3078 3077 3067 3076 3084 3066 3069 3044 3044 3050 3034 3037 3036 3030 3094 3087 3094 3109 3129 3138 3145 3149 3127 3112 3096 3058 3033 3007 2945 2873 2898 2904 2930 2947 2936 2941 2936 2900 2931 2922 2935 2937 2968 2946 2926
2421 2444 2467 2488 2542 2577 2607 2635 2660 2689 2723 2751 2772 2790 2807 2827 2849 2864 2870 2873 2889 2946 2952 2976 2990 3059 3052 3059 3080 3092 3097 3111 3101 3096 3098 3107 3095 3098 3100 3117 3110 3116 3120 3125 3116 3115 3099 3074 3068 3065 3069 3086 3082 3116 3146 3146 3155 3166 3172 3189 3209 3193 3170 3152 3131 3107 3048 2992 2966 2913 2951 2973 3002 2985 2982 2981 2945 2978 2983 3000 3006 3028 3021 2961
2420 2433 2457 2491 2524 2573 2604 2640 2660 2695 2744 2772 2784 2795 2809 2823 2851 2890 2917 2957 2979 2956 2954 2966 2985 3067 3102 3091 3092 3116 3132 3127 3120 3111 3121 3124 3113 3132 3134 3146 3157 3145 3145 3146 3146 3159 3139 3111 3113 3107 3115 3122 3140 3143 3167 3192 3207 3198 3209 3216 3243 3239 3225 3200 3191 3152 3136 3064 3037 2957 3017 3049 3044 3031 3030 3029 2990 3022 3053 3087 3088 3081 3076 3028
2415 2442 2463 2487 2520 2571 2612 2646 2691 2739 2761 2789 2792 2805 2819 2831 2841 2915 3017 2992 2988 2977 2976 2977 2997 3079 3101 3096 3100 3131 3135 3142 3136 3130 3140 3137 3136 3164 3181 3195 3187 3175 3164 3169 3164 3174 3176 3149 3139 3125 3155 3172 3188 3193 3205 3221 3240 3231 3247 3272 3274 3269 3261 3241 3228 3180 3203 3142 3073 3060 3098 3110 3098 3090 3093 3092 3054 3046 3113 3162 3171 3150 3112 3118
2454 2476 2493 2505 2543 2580 2600 2649 2686 2773 2818 2776 2791 2824 2838 2860 2860 2911 2999 2991 2990 2996 3000 3006 3022 3041 3082 3100 3128 3138 3141 3148 3149 3139 3150 3168 3183 3200 3219 3211 3212 3200 3188 3192 3197 3201 3199 3186 3178 3169 3196 3210 3224 3231 3251 3248 3262 3274 3279 3294 3299 3304 3306 3295 3257 3245 3220 3196 3105 3164 3176 3159 3165 3163 3158 3157 3129 3120 3158 3197 3229 3226 3179 3179
2475 2510 2528 2535 2561 2587 2614 2641 2684 2725 2774 2794 2816 2833 2848 2872 2890 2901 2932 2968 3004 2997 3015 3028 3040 3069 3086 3113 3137 3145 3154 3163 3174 3192 3172 3215 3238 3245 3256 3232 3240 3228 3216 3217 3213 3226 3221 3223 3209 3201 3233 3257 3257 3257 3277 3287 3303 3316 3315 3315 3329 3341 3336 3323 3310 3296 3275 3237 3173 3236 3224 3213 3210 3217 3212 3225 3216 3210 3243 3256 3285 3275 3245 3238
2492 2531 2552 2572 2583 2601 2629 2655 2695 2736 2765 2798 2813 2834 2850 2879 2900 2912 2927 2952 2975 3000 3019 3033 3051 3074 3108 3128 3136 3159 3173 3169 3215 3224 3217 3247 3269 3276 3281 3253 3263 3253 3244 3238 3232 3237 3242 3259 3253 3249 3261 3288 3286 3283 3294 3322 3333 3365 3367 3349 3353 3377 3372 3371 3358 3330 3298 3272 3269 3267 3261 3261 3258 3269 3275 3286 3285 3303 3314 3329 3327 3326 3300 3276
2503 2549 2564 2580 2609 2611 2645 2670 2694 2740 2767 2797 2814 2826 2847 2883 2900 2918 2935 2952 2976 2990 3004 3035 3073 3096 3131 3144 3157 3184 3192 3186 3223 3271 3304 3295 3288 3294 3290 3288 3280 3283 3271 3267 3263 3260 3271 3298 3276 3295 3299 3312 3320 3326 3314 3338 3353 3378 3392 3382 3391 3414 3400 3387 3413 3386 3342 3317 3312 3293 3291 3298 3307 3290 3321 3346 3364 3349 3376 3392 3381 3368 3348 3322
2526 2554 2581 2589 2604 2619 2649 2678 2697 2725 2760 2786 2808 2827 2846 2878 2893 2916 2931 2954 2967 2978 2997 3026 3075 3120 3150 3187 3192 3196 3199 3207 3222 3277 3335 3332 3317 3311 3310 3304 3306 3317 3284 3286 3289 3294 3298 3314 3307 3334 3329 3355 3372 3361 3351 3347 3367 3384 3402 3431 3422 3421 3425 3412 3412 3420 3399 3369 3345 3318 3314 3328 3339 3331 3355 3392 3419 3431 3428 3445 3435 3407 3391 3345
2528 2549 2585 2591 2607 2630 2653 2679 2709 2734 2754 2770 2796 2819 2851 2888 2911 2926 2952 2960 2970 2990 2995 3016 3048 3067 3133 3214 3222 3210 3208 3211 3227 3261 3309 3353 3349 3333 3322 3322 3326 3331 3328 3314 3319 3327 3335 3343 3349 3362 3364 3385 3398 3386 3377 3385 3389 3404 3420 3454 3452 3451 3446 3438 3444 3444 3427 3376 3342 3334 3347 3367 3377 3382 3403 3446 3469 3479 3500 3501 3484 3449 3416 3374
2529 2548 2574 2604 2610 2624 2643 2680 2712 2727 2752 2774 2793 2816 2852 2882 2906 2924 2953 2979 2994 3001 3016 3041 3040 3069 3120 3187 3248 3239 3212 3224 3235 3270 3317 3345 3369 3365 3337 3346 3359 3348 3347 3355 3357 3367 3372 3370 3381 3388 3409 3406 3416 3410 3417 3417 3410 3422 3447 3472 3476 3466 3456 3467 3494 3464 3439 3383 3365 3365 3371 3410 3430 3427 3456 3489 3515 3532 3545 3558 3517 3469 3439 3400
2535 2558 2586 2603 2618 2628 2641 2665 2690 2731 2757 2769 2782 2803 2832 2872 2909 2939 2966 2988 3005 3023 3046 3060 3078 3090 3093 3122 3166 3202 3209 3220 3236 3262 3320 3372 3409 3372 3349 3346 3365 3381 3383 3383 3385 3405 3412 3417 3407 3417 3438 3440 3437 3432 3433 3453 3450 3456 3476 3497 3495 3493 3478 3513 3517 3472 3421 3396 3393 3398 3409 3437 3470 3478 3497 3527 3555 3582 3584 3576 3534 3487 3460 3436
2441 2452 2557 2602 2622 2638 2643 2664 2692 2726 2751 2764 2781 2801 2834 2875 2909 2936 2948 2982 3011 3029 3055 3066 3082 3092 3115 3134 3155 3175 3192 3213 3248 3270 3309 3368 3434 3414 3401 3365 3367 3392 3411 3410 3406 3421 3429 3442 3449 3452 3454 3458 3464 3451 3451 3473 3479 3477 3509 3524 3522 3515 3508 3539 3532 3485 3441 3432 3429 3445 3453 3470 3496 3515 3535 3564 3591 3620 3630 3597 3555 3513 3483 3451
2465 2401 2476 2538 2603 2645 2658 2676 2699 2714 2737 2748 2770 2800 2831 2800 2798 2869 2941 2940 3009 3028 3041 3055 3068 3099 3121 3136 3154 3180 3200 3229 3258 3288 3309 3356 3428 3458 3451 3390 3396 3410 3418 3426 3432 3437 3447 3458 3473 3477 3474 3479 3493 3478 3475 3487 3499 3500 3517 3542 3555 3550 3553 3556 3553 3521 3485 3474 3466 3480 3494 3501 3526 3542 3570 3595 3624 3647 3634 3605 3568 3525 3489 3458
2491 2514 2472 2427 2557 2594 2594 2621 2664 2700 2718 2741 2763 2768 2767 2785 2860 2890 2955 2992 3003 3009 3046 3071 3076 3098 3124 3144 3171 3195 3207 3238 3263 3290 3321 3356 3403 3445 3429 3400 3404 3429 3426 3449 3455 3474 3485 3495 3501 3503 3502 3513 3518 3507 3495 3508 3516 3532 3550 3562 3575 3571 3590 3593 3600 3561 3543 3515 3504 3532 3535 3541 3576 3603 3620 3629 3651 3657 3639 3615 3584 3548 3515 3477
2502 2526 2563 2549 2512 2489 2549 2527 2625 2688 2716 2737 2739 2697 2748 2815 2883 2928 2991 3007 3009 3034 3054 3070 3075 3085 3126 3122 3156 3170 3223 3248 3273 3295 3327 3364 3392 3409 3420 3419 3409 3421 3438 3453 3468 3489 3520 3503 3504 3519 3525 3535 3546 3541 3532 3535 3542 3557 3588 3583 3588 3589 3593 3600 3612 3600 3571 3552 3547 3580 3585 3593 3629 3661 3677 3686 3694 3694 3674 3650 3624 3597 3545 3521
