Project 1 - Pathfinder/Project 1 Starter/data/kilimanjaro_hires.dat
ncols 351
nrows 301
[rows 114 to 151 of 301, columns 84 to 167 of 351]
2526 2537 2585 2590 2606 2574 2623 2595 2612 2585 2619 2655 2691 2760 2798 2849 2910 2979 2963 2988 3021 3036 3047 3073 3085 3101 3112 3142 3172 3208 3201 3222 3260 3302 3341 3367 3388 3397 3424 3426 3424 3428 3460 3484 3476 3489 3506 3513 3525 3532 3548 3558 3568 3580 3573 3554 3565 3571 3598 3605 3614 3615 3612 3615 3632 3615 3604 3593 3593 3607 3646 3650 3682 3718 3732 3741 3753 3734 3710 3693 3657 3634 3580 3582
2545 2545 2551 2572 2632 2625 2613 2649 2653 2715 2709 2722 2719 2747 2775 2809 2826 2866 2916 2971 2951 2991 3023 3071 3091 3104 3130 3153 3173 3209 3255 3271 3296 3271 3345 3373 3396 3415 3422 3436 3438 3442 3474 3492 3493 3502 3513 3521 3529 3543 3558 3575 3613 3632 3607 3586 3577 3594 3611 3630 3643 3644 3649 3658 3647 3649 3638 3629 3643 3656 3696 3718 3749 3776 3786 3789 3793 3782 3754 3720 3695 3650 3636 3623
2565 2592 2599 2612 2614 2631 2620 2661 2732 2745 2745 2763 2743 2817 2812 2825 2873 2904 2891 2940 2995 3035 3042 3065 3071 3095 3115 3142 3178 3223 3258 3297 3307 3340 3312 3385 3404 3418 3430 3437 3447 3455 3468 3486 3518 3524 3534 3536 3538 3554 3564 3586 3610 3642 3626 3614 3607 3613 3632 3666 3676 3677 3683 3693 3697 3686 3692 3681 3691 3713 3748 3777 3802 3813 3830 3825 3826 3816 3785 3752 3723 3677 3689 3674
2577 2587 2592 2611 2627 2634 2645 2679 2754 2771 2767 2772 2791 2812 2874 2843 2908 2918 2982 2978 2977 3064 3100 3079 3096 3121 3134 3193 3232 3249 3262 3287 3314 3357 3376 3371 3415 3431 3439 3444 3446 3466 3468 3494 3540 3559 3585 3590 3569 3555 3572 3594 3617 3626 3627 3629 3629 3638 3664 3693 3704 3699 3704 3716 3730 3724 3722 3711 3736 3761 3788 3823 3860 3872 3869 3864 3856 3848 3825 3796 3748 3739 3741 3737
2563 2598 2594 2618 2634 2671 2691 2667 2723 2765 2790 2801 2814 2836 2900 2876 2900 2949 3011 3066 2997 3050 3120 3110 3146 3166 3172 3206 3270 3296 3301 3301 3314 3366 3399 3410 3409 3434 3449 3454 3458 3462 3475 3495 3523 3569 3600 3629 3595 3563 3573 3592 3604 3611 3638 3654 3662 3671 3683 3706 3730 3726 3732 3740 3750 3758 3751 3746 3775 3800 3826 3855 3892 3913 3911 3909 3906 3888 3860 3827 3777 3789 3795 3790
2555 2618 2615 2624 2673 2728 2744 2754 2696 2758 2813 2828 2840 2859 2886 2959 2969 2975 2989 3095 3083 3037 3079 3164 3183 3218 3250 3272 3283 3334 3345 3349 3373 3371 3417 3420 3427 3448 3458 3466 3462 3474 3489 3497 3515 3533 3561 3589 3575 3572 3578 3586 3592 3617 3635 3652 3687 3700 3712 3734 3758 3764 3767 3774 3770 3782 3792 3792 3803 3836 3870 3889 3931 3948 3956 3966 3950 3921 3896 3855 3829 3839 3849 3842
2572 2610 2637 2659 2697 2736 2758 2744 2752 2779 2820 2844 2857 2883 2922 2967 3001 3017 3044 3064 3080 3093 3133 3180 3223 3256 3291 3315 3339 3359 3379 3391 3400 3412 3420 3428 3438 3451 3466 3470 3476 3484 3497 3510 3525 3543 3560 3571 3577 3579 3585 3593 3607 3625 3645 3668 3689 3709 3728 3750 3767 3777 3782 3786 3794 3802 3812 3822 3839 3865 3894 3925 3950 3969 3975 3967 3947 3920 3894 3873 3865 3866 3865 3860
2584 2633 2656 2673 2712 2774 2784 2762 2725 2819 2864 2839 2880 2897 2936 2996 3058 3051 3061 3092 3065 3107 3184 3228 3242 3301 3341 3363 3379 3404 3407 3435 3439 3434 3437 3439 3429 3467 3478 3478 3477 3497 3503 3519 3536 3551 3560 3566 3574 3585 3591 3598 3612 3637 3654 3676 3701 3716 3740 3765 3789 3790 3794 3800 3809 3827 3829 3849 3867 3889 3925 3956 3979 3996 4003 3981 3945 3919 3888 3884 3885 3899 3893 3866
2557 2591 2607 2627 2669 2692 2759 2812 2781 2791 2837 2895 2862 2908 2930 2994 3050 3105 3151 3134 3138 3119 3209 3240 3300 3358 3377 3439 3462 3476 3484 3488 3463 3448 3448 3453 3458 3467 3471 3491 3496 3502 3513 3528 3543 3540 3556 3565 3577 3581 3586 3604 3632 3643 3660 3679 3713 3730 3756 3784 3806 3811 3811 3831 3838 3849 3855 3874 3892 3913 3947 3987 4014 4043 4030 3995 3968 3949 3943 3941 3934 3948 3943 3932
2573 2578 2609 2644 2660 2742 2825 2847 2827 2874 2890 2900 2908 2942 2980 2991 3067 3162 3210 3196 3177 3204 3207 3321 3343 3415 3464 3488 3524 3550 3556 3503 3463 3459 3464 3465 3467 3482 3479 3484 3496 3507 3516 3523 3528 3542 3552 3566 3574 3583 3595 3611 3640 3667 3677 3700 3731 3756 3778 3793 3826 3831 3846 3881 3872 3870 3886 3890 3916 3942 3969 3991 4035 4084 4054 4018 3992 3979 3993 4006 3986 3994 3997 3994
2605 2635 2656 2678 2707 2749 2780 2799 2867 2855 2917 2937 2968 2997 3039 3011 3032 3096 3164 3238 3270 3280 3216 3315 3370 3481 3512 3538 3573 3624 3587 3509 3479 3475 3473 3476 3478 3489 3492 3497 3501 3505 3522 3529 3537 3548 3569 3573 3578 3591 3607 3629 3646 3669 3694 3720 3753 3782 3801 3817 3850 3859 3868 3885 3892 3893 3909 3919 3936 3962 3981 4009 4036 4070 4058 4031 4019 4008 4027 4047 4043 4056 4069 4052
2567 2634 2686 2722 2742 2736 2734 2799 2839 2911 2924 2975 3010 3035 3089 3074 3102 3169 3210 3255 3283 3365 3349 3294 3413 3511 3577 3606 3643 3682 3619 3533 3497 3493 3492 3489 3484 3490 3501 3504 3507 3509 3516 3524 3543 3548 3564 3579 3587 3598 3615 3636 3660 3686 3706 3735 3779 3804 3819 3833 3849 3860 3897 3895 3907 3921 3946 3960 3969 3981 4001 4018 4042 4064 4067 4063 4052 4066 4077 4096 4094 4115 4140 4099
2606 2628 2667 2712 2713 2687 2734 2799 2855 2906 2931 2955 3020 3077 3118 3146 3148 3232 3266 3305 3359 3395 3460 3404 3446 3518 3615 3656 3685 3718 3650 3554 3520 3505 3506 3492 3493 3505 3502 3521 3519 3521 3522 3531 3540 3557 3558 3572 3591 3595 3616 3638 3666 3689 3715 3763 3789 3809 3826 3844 3854 3873 3891 3915 3928 3949 3967 3982 3997 4010 4025 4040 4064 4080 4100 4094 4097 4117 4138 4136 4142 4162 4159 4141
2567 2562 2625 2608 2606 2665 2724 2783 2852 2852 2844 2879 2912 3011 3086 3165 3192 3234 3307 3374 3426 3479 3543 3538 3540 3597 3640 3694 3726 3739 3645 3559 3531 3512 3507 3503 3515 3516 3525 3528 3530 3533 3533 3536 3543 3562 3569 3584 3591 3599 3625 3637 3666 3695 3721 3756 3789 3806 3820 3835 3852 3874 3900 3919 3948 3975 3984 4000 4014 4029 4043 4075 4096 4118 4140 4134 4137 4146 4160 4178 4176 4200 4219 4181
2519 2579 2540 2521 2592 2566 2645 2710 2760 2807 2920 2995 3022 3018 3044 3102 3137 3151 3256 3367 3458 3532 3611 3658 3636 3665 3691 3726 3775 3749 3648 3574 3537 3528 3511 3517 3528 3531 3533 3533 3539 3540 3541 3554 3556 3561 3574 3595 3605 3605 3629 3659 3676 3698 3717 3743 3778 3790 3808 3826 3852 3874 3903 3935 3966 3995 4014 4024 4042 4059 4085 4109 4139 4161 4176 4179 4190 4199 4216 4203 4213 4226 4251 4215
2468 2469 2520 2571 2655 2699 2760 2816 2852 2897 2956 3006 3045 3102 3123 3162 3211 3273 3232 3288 3397 3483 3537 3620 3686 3720 3742 3752 3795 3787 3704 3602 3557 3539 3526 3537 3554 3552 3549 3541 3547 3553 3547 3563 3560 3566 3578 3597 3622 3617 3632 3656 3677 3692 3713 3735 3765 3786 3806 3838 3866 3894 3921 3949 3982 4017 4053 4062 4079 4094 4113 4139 4158 4191 4201 4218 4220 4215 4229 4250 4240 4270 4288 4241
2494 2557 2600 2618 2667 2705 2739 2772 2850 2932 2996 3029 3081 3134 3171 3227 3262 3286 3363 3335 3344 3384 3453 3512 3596 3667 3754 3797 3831 3758 3684 3610 3576 3560 3549 3559 3563 3565 3559 3549 3554 3561 3567 3565 3572 3577 3583 3596 3617 3637 3630 3655 3681 3711 3724 3739 3761 3785 3811 3860 3889 3916 3942 3971 4000 4025 4060 4107 4134 4143 4158 4166 4194 4218 4230 4247 4254 4266 4270 4286 4297 4321 4313 4277
2390 2415 2446 2463 2491 2556 2664 2736 2811 2876 2896 2950 3034 3116 3159 3192 3278 3334 3387 3456 3450 3459 3547 3570 3611 3669 3742 3817 3832 3736 3673 3614 3585 3560 3559 3569 3577 3581 3574 3567 3563 3564 3574 3580 3577 3591 3601 3598 3616 3642 3654 3661 3693 3714 3731 3752 3777 3800 3821 3866 3904 3938 3970 3998 4030 4048 4077 4106 4142 4174 4203 4216 4226 4239 4263 4274 4287 4293 4301 4315 4380 4378 4354 4303
2508 2509 2532 2554 2578 2555 2537 2603 2728 2758 2794 2795 2899 3012 3009 3101 3153 3248 3334 3411 3495 3531 3616 3685 3669 3677 3781 3863 3807 3719 3663 3621 3588 3571 3577 3582 3585 3584 3578 3568 3565 3571 3577 3586 3590 3594 3608 3609 3619 3636 3652 3675 3691 3713 3735 3762 3785 3813 3835 3875 3919 3948 3988 4025 4057 4094 4111 4135 4161 4189 4220 4241 4271 4279 4294 4299 4311 4321 4334 4353 4402 4431 4390 4350
2489 2551 2610 2643 2653 2716 2697 2732 2796 2823 2855 2958 2946 2946 3048 3029 3081 3192 3249 3329 3352 3425 3532 3650 3733 3782 3798 3893 3801 3703 3652 3618 3599 3579 3583 3588 3593 3586 3585 3579 3575 3578 3584 3590 3605 3606 3609 3619 3624 3638 3656 3667 3694 3716 3743 3772 3803 3828 3852 3891 3924 3967 4003 4048 4084 4113 4140 4157 4179 4196 4231 4257 4284 4303 4322 4347 4341 4361 4388 4405 4427 4443 4419 4380
2564 2585 2601 2611 2653 2726 2767 2854 2880 2913 2958 2988 3007 3031 3070 3144 3121 3126 3153 3209 3276 3340 3408 3521 3643 3767 3834 3909 3785 3699 3649 3619 3595 3585 3584 3586 3589 3584 3587 3580 3584 3583 3591 3603 3612 3619 3623 3617 3632 3646 3654 3674 3692 3718 3746 3777 3807 3836 3875 3917 3947 3981 4013 4046 4083 4119 4148 4176 4201 4218 4242 4263 4288 4315 4331 4353 4387 4392 4430 4451 4465 4469 4455 4427
2506 2559 2614 2673 2735 2758 2821 2833 2858 2918 2968 3026 3069 3121 3144 3181 3216 3299 3322 3363 3424 3490 3527 3517 3579 3720 3832 3898 3760 3688 3645 3618 3597 3589 3579 3592 3590 3590 3585 3586 3590 3595 3596 3604 3616 3628 3640 3633 3635 3658 3673 3692 3719 3739 3772 3795 3816 3839 3866 3898 3940 3969 4001 4037 4072 4098 4133 4171 4203 4226 4256 4274 4303 4320 4346 4366 4389 4421 4493 4501 4500 4493 4474 4479
2484 2532 2584 2622 2678 2734 2800 2856 2898 2946 2956 3034 3104 3124 3153 3216 3313 3384 3448 3518 3565 3623 3665 3692 3645 3738 3864 3857 3745 3675 3642 3614 3596 3596 3591 3594 3591 3590 3588 3591 3599 3601 3606 3614 3620 3633 3643 3650 3647 3668 3702 3702 3723 3750 3768 3798 3829 3860 3892 3918 3933 3962 3994 4033 4065 4095 4123 4158 4200 4234 4258 4295 4322 4339 4367 4385 4409 4442 4525 4556 4549 4532 4499 4513
2442 2440 2478 2530 2604 2730 2792 2850 2896 2944 2993 3004 2979 2974 3077 3174 3231 3299 3355 3469 3557 3662 3762 3851 3739 3793 3869 3786 3710 3661 3625 3612 3596 3601 3601 3608 3599 3594 3589 3594 3594 3600 3621 3626 3622 3634 3642 3654 3667 3673 3699 3710 3728 3749 3769 3796 3829 3855 3891 3926 3966 4008 4040 4064 4095 4125 4148 4164 4198 4224 4264 4308 4348 4372 4388 4410 4442 4464 4569 4640 4625 4562 4520 4565
2559 2552 2553 2508 2604 2664 2690 2788 2887 2931 2901 2868 2881 2988 3031 3074 3119 3191 3300 3431 3550 3667 3762 3855 3877 3851 3864 3771 3694 3656 3625 3611 3604 3611 3609 3616 3606 3605 3597 3599 3604 3607 3619 3626 3631 3635 3648 3661 3681 3692 3699 3706 3731 3754 3777 3807 3836 3872 3911 3944 3979 4022 4068 4105 4140 4167 4194 4218 4253 4277 4287 4310 4375 4440 4433 4489 4542 4535 4635 4688 4683 4606 4561 4602
2553 2587 2631 2593 2541 2567 2645 2673 2742 2804 2768 2841 2908 3014 3123 3192 3248 3324 3406 3480 3606 3707 3721 3761 3793 3818 3885 3789 3704 3655 3633 3613 3616 3627 3633 3632 3621 3612 3606 3600 3605 3613 3623 3631 3639 3642 3656 3673 3692 3704 3713 3734 3754 3766 3794 3816 3854 3901 3933 3974 4011 4054 4093 4124 4140 4152 4161 4165 4176 4190 4208 4232 4289 4333 4373 4445 4597 4667 4693 4751 4752 4668 4619 4650
2494 2529 2581 2635 2676 2745 2790 2736 2713 2740 2862 2896 2865 2935 3037 3122 3193 3313 3407 3482 3531 3575 3585 3638 3670 3762 3833 3803 3716 3659 3631 3625 3639 3660 3659 3657 3652 3631 3623 3609 3604 3614 3623 3631 3639 3649 3654 3674 3683 3713 3740 3752 3767 3771 3785 3805 3823 3859 3898 3942 3982 4029 4052 4059 4056 4070 4092 4114 4140 4178 4202 4240 4296 4352 4384 4451 4545 4657 4649 4657 4741 4725 4681 4725
2534 2559 2601 2652 2676 2738 2791 2842 2874 2883 2960 3044 3016 3014 2995 3021 3106 3214 3298 3337 3392 3443 3531 3635 3665 3752 3863 3811 3716 3675 3635 3649 3679 3719 3707 3700 3688 3656 3636 3616 3604 3616 3622 3633 3645 3646 3654 3670 3682 3701 3729 3745 3764 3774 3797 3825 3852 3887 3924 3939 3976 4007 4015 4024 4063 4106 4107 4126 4157 4170 4213 4238 4279 4373 4395 4441 4509 4525 4554 4589 4661 4714 4780 4798
2598 2617 2656 2661 2693 2710 2720 2754 2788 2854 2925 3012 3106 3156 3136 3185 3168 3213 3326 3415 3500 3543 3697 3789 3763 3810 3885 3795 3727 3678 3641 3654 3707 3762 3753 3744 3724 3682 3647 3631 3616 3622 3631 3635 3637 3653 3663 3675 3691 3708 3721 3748 3754 3766 3793 3808 3845 3879 3934 3972 4003 4028 4052 4074 4105 4122 4164 4200 4222 4220 4229 4284 4323 4400 4426 4435 4463 4490 4562 4592 4655 4702 4747 4794
2512 2550 2599 2628 2611 2609 2680 2773 2808 2879 2955 3002 3006 3076 3158 3257 3270 3304 3374 3486 3607 3667 3677 3638 3686 3742 3815 3808 3735 3688 3650 3646 3693 3753 3813 3806 3752 3695 3657 3629 3629 3631 3640 3645 3651 3656 3666 3677 3694 3716 3725 3743 3764 3781 3796 3821 3856 3888 3944 3991 4020 4053 4087 4108 4130 4156 4181 4218 4251 4283 4285 4355 4375 4413 4444 4462 4505 4533 4571 4601 4662 4731 4764 4827
2493 2534 2563 2549 2618 2666 2677 2741 2813 2802 2819 2865 2996 3086 3158 3250 3335 3423 3472 3525 3516 3491 3506 3512 3626 3704 3815 3844 3762 3705 3670 3650 3679 3732 3836 3818 3750 3697 3658 3630 3648 3658 3667 3668 3659 3670 3681 3693 3696 3710 3734 3758 3774 3788 3810 3823 3845 3879 3919 3965 4008 4036 4059 4082 4118 4165 4199 4220 4250 4285 4317 4358 4381 4423 4449 4470 4496 4528 4586 4616 4640 4733 4810 4868
2410 2435 2448 2507 2556 2582 2592 2633 2671 2758 2855 2942 3060 3126 3175 3206 3293 3346 3359 3395 3358 3326 3395 3497 3610 3713 3803 3863 3779 3727 3687 3668 3674 3703 3763 3764 3724 3688 3652 3639 3658 3691 3695 3698 3686 3695 3698 3716 3725 3718 3728 3772 3787 3798 3813 3835 3856 3901 3922 3962 3997 4020 4056 4081 4111 4145 4183 4220 4248 4292 4320 4344 4368 4427 4448 4470 4508 4544 4562 4625 4709 4783 4828 4875
2450 2512 2558 2598 2594 2631 2697 2775 2783 2764 2776 2861 2974 3014 3115 3205 3281 3180 3227 3273 3219 3303 3459 3550 3638 3707 3743 3766 3800 3752 3712 3688 3682 3706 3757 3753 3719 3681 3661 3660 3664 3698 3724 3713 3706 3709 3722 3754 3744 3746 3731 3764 3793 3803 3815 3831 3853 3885 3922 3951 3987 4020 4047 4079 4117 4154 4187 4232 4258 4311 4342 4375 4400 4435 4469 4485 4538 4565 4593 4621 4684 4767 4884 4921
2458 2499 2550 2605 2655 2712 2760 2817 2894 2943 2955 2993 3018 3079 3171 3182 3158 3113 3126 3181 3278 3350 3447 3566 3650 3594 3665 3713 3739 3787 3774 3734 3709 3698 3697 3726 3723 3676 3659 3688 3693 3724 3736 3755 3749 3747 3746 3741 3706 3717 3679 3713 3756 3801 3816 3827 3853 3881 3918 3949 3981 4011 4041 4072 4113 4151 4187 4220 4251 4295 4349 4374 4403 4427 4446 4474 4524 4561 4563 4597 4670 4757 4827 4883
2429 2476 2519 2563 2608 2663 2708 2778 2803 2815 2823 2858 2908 2987 3037 3049 3067 3063 3108 3236 3316 3434 3511 3476 3512 3514 3574 3586 3637 3740 3768 3745 3700 3621 3592 3622 3664 3602 3579 3709 3708 3794 3786 3748 3686 3666 3749 3694 3636 3665 3636 3661 3737 3783 3805 3818 3837 3870 3901 3934 3965 3994 4024 4058 4088 4128 4172 4222 4263 4292 4338 4341 4354 4387 4417 4433 4468 4484 4530 4568 4661 4743 4771 4793
2423 2435 2471 2508 2540 2571 2597 2654 2591 2663 2718 2815 2842 2864 2895 3006 3053 3122 3232 3315 3369 3431 3374 3367 3394 3458 3456 3543 3628 3731 3728 3723 3659 3562 3511 3527 3569 3484 3478 3575 3609 3624 3663 3643 3550 3590 3683 3604 3542 3577 3577 3674 3727 3756 3783 3800 3815 3842 3884 3908 3938 3989 4022 4058 4096 4161 4204 4208 4210 4227 4252 4288 4324 4365 4388 4418 4462 4503 4533 4593 4640 4722 4719 4795
2295 2313 2370 2376 2399 2442 2474 2508 2617 2575 2598 2656 2726 2798 2930 3012 3124 3201 3238 3268 3238 3274 3246 3300 3311 3358 3454 3572 3661 3678 3645 3676 3656 3512 3474 3545 3509 3388 3367 3520 3526 3524 3603 3617 3445 3474 3585 3590 3498 3497 3586 3655 3691 3733 3752 3787 3814 3841 3873 3904 3935 3972 4019 4058 4118 4136 4146 4154 4190 4237 4268 4309 4355 4396 4431 4439 4481 4500 4546 4605 4648 4683 4729 4778
2391 2453 2454 2515 2546 2577 2632 2721 2767 2784 2796 2838 2918 3014 3082 3093 3137 3137 3150 3159 3137 3126 3184 3262 3338 3422 3518 3598 3525 3561 3595 3541 3573 3451 3445 3494 3407 3272 3313 3413 3401 3410 3569 3575 3357 3397 3508 3536 3438 3511 3584 3594 3643 3660 3755 3792 3815 3843 3877 3894 3931 3972 4026 4054 4068 4094 4115 4148 4198 4262 4308 4343 4372 4422 4400 4395 4475 4508 4550 4577 4601 4642 4713 4790
