Project 1 - Pathfinder/Project 1 Starter/data/kilimanjaro_hires.dat
ncols 351
nrows 301
[rows 228 to 265 of 301, columns 168 to 251 of 351]
1536 1547 1540 1559 1556 1598 1601 1626 1628 1632 1672 1693 1709 1723 1779 1803 1818 1835 1862 1852 1859 1876 1894 1889 1843 1855 1927 1955 1963 1966 1996 2072 2134 2147 2189 2200 2224 2222 2217 2252 2234 2246 2210 2239 2294 2316 2384 2388 2355 2332 2309 2326 2343 2358 2350 2378 2331 2297 2265 2261 2246 2214 2185 2179 2172 2158 2134 2139 2140 2139 2145 2136 2133 2113 2097 2130 2126 2127 2130 2129 2122 2104 2106 2081
1518 1531 1529 1518 1550 1561 1579 1594 1608 1619 1650 1668 1679 1713 1752 1766 1801 1825 1830 1820 1829 1868 1871 1874 1822 1868 1872 1926 1969 2002 2037 2062 2086 2127 2165 2179 2190 2170 2173 2225 2200 2162 2174 2261 2283 2289 2309 2364 2358 2356 2310 2312 2329 2338 2297 2303 2290 2264 2238 2235 2229 2194 2157 2144 2147 2134 2120 2113 2113 2108 2115 2113 2116 2100 2080 2104 2102 2102 2109 2102 2090 2078 2076 2058
1502 1512 1515 1501 1528 1527 1554 1569 1598 1629 1634 1647 1669 1704 1723 1743 1777 1779 1791 1797 1816 1830 1846 1855 1824 1798 1871 1906 1957 1974 2028 2040 2090 2119 2138 2156 2169 2147 2143 2189 2124 2098 2153 2153 2229 2281 2298 2361 2338 2333 2312 2282 2295 2308 2245 2267 2253 2240 2220 2223 2201 2180 2164 2137 2123 2107 2099 2066 2090 2090 2073 2080 2090 2082 2073 2078 2074 2069 2072 2069 2061 2048 2044 2033
1487 1488 1495 1488 1495 1521 1533 1552 1586 1615 1621 1644 1664 1679 1694 1716 1725 1742 1747 1771 1775 1783 1815 1840 1756 1814 1845 1869 1901 1958 2006 2037 2073 2109 2129 2100 2116 2088 2126 2127 2059 2155 2181 2195 2251 2285 2337 2340 2321 2301 2286 2264 2277 2268 2248 2213 2229 2198 2206 2197 2181 2145 2135 2101 2102 2098 2063 2050 2072 2062 2061 2067 2068 2050 2040 2039 2051 2045 2042 2044 2036 2019 2001 1995
1461 1465 1475 1463 1498 1477 1489 1544 1566 1588 1598 1623 1629 1642 1662 1677 1706 1704 1707 1721 1739 1769 1797 1813 1723 1800 1815 1857 1900 1938 1991 2017 2040 2051 2073 2071 2073 2058 2064 2059 2073 2077 2115 2180 2225 2235 2266 2289 2266 2318 2281 2257 2265 2251 2210 2166 2153 2173 2151 2126 2095 2092 2098 2081 2054 2062 2068 2048 2050 2038 2043 2038 2032 2018 2010 2008 2012 2025 2023 2024 2010 1996 1973 1960
1445 1447 1448 1453 1458 1474 1497 1541 1557 1558 1574 1586 1597 1611 1634 1635 1644 1654 1676 1700 1708 1738 1762 1747 1705 1751 1797 1853 1887 1919 1955 1988 2016 2015 2045 2056 2020 2013 2015 1984 2046 2039 2113 2143 2176 2192 2207 2208 2232 2270 2284 2258 2181 2206 2220 2143 2142 2149 2133 2113 2098 2064 2053 2050 2027 2038 2045 2035 2016 2016 2015 2008 2004 1996 1988 1984 1989 1993 2002 2012 2002 1987 1966 1946
1425 1417 1434 1421 1427 1449 1497 1523 1518 1526 1536 1562 1571 1580 1594 1597 1608 1638 1666 1675 1707 1709 1723 1641 1638 1761 1762 1819 1868 1882 1952 1942 1968 1982 2014 1970 1961 1973 1983 1976 2014 2013 2087 2138 2128 2151 2146 2150 2221 2226 2227 2257 2217 2181 2195 2152 2113 2121 2120 2097 2085 2055 2043 2015 1989 2015 2002 2012 2006 1994 1991 1988 1982 1974 1969 1957 1961 1969 1978 1999 1990 1968 1946 1936
1406 1408 1406 1423 1407 1425 1476 1496 1470 1489 1507 1529 1556 1561 1563 1558 1585 1616 1634 1633 1656 1671 1624 1618 1685 1713 1739 1789 1798 1869 1917 1918 1942 1925 1966 1885 1927 1942 1922 1952 2005 2052 2108 2118 2106 2132 2123 2159 2178 2197 2175 2193 2205 2206 2180 2107 2116 2086 2098 2063 2060 2037 2019 2000 1955 1975 1967 1965 1969 1965 1972 1950 1956 1933 1935 1925 1936 1941 1954 1962 1957 1942 1927 1914
1389 1380 1403 1408 1401 1432 1450 1462 1465 1478 1490 1526 1536 1526 1536 1536 1564 1582 1585 1565 1601 1625 1503 1559 1672 1675 1708 1757 1799 1828 1839 1866 1911 1903 1920 1852 1885 1865 1900 2002 2010 2045 2092 2085 2069 2088 2120 2117 2153 2158 2146 2183 2159 2117 2175 2080 2045 2060 2070 2055 2053 2030 2001 1974 1979 1912 1931 1927 1928 1930 1938 1913 1917 1906 1901 1904 1917 1929 1929 1931 1933 1921 1909 1892
1361 1368 1392 1397 1399 1417 1447 1450 1451 1463 1480 1500 1488 1502 1493 1512 1532 1514 1501 1550 1589 1528 1514 1611 1638 1666 1715 1739 1765 1818 1777 1856 1887 1883 1832 1807 1845 1896 1936 1983 2008 2030 2060 2021 2040 2051 2067 2095 2137 2131 2201 2231 2180 2097 2082 2125 2043 1967 2019 2012 1981 2004 1984 1965 1966 1955 1898 1885 1895 1909 1899 1913 1896 1885 1886 1890 1903 1904 1912 1917 1919 1911 1894 1872
1342 1363 1372 1377 1379 1393 1410 1429 1434 1456 1478 1475 1464 1477 1459 1484 1490 1469 1493 1538 1554 1419 1501 1589 1617 1659 1679 1721 1753 1762 1765 1814 1830 1819 1717 1753 1855 1906 1962 1986 1992 2018 1988 1994 2009 2017 2084 2109 2106 2129 2163 2214 2162 2123 2048 2044 2080 2039 1954 1970 1959 1956 1946 1942 1912 1914 1889 1857 1875 1887 1877 1877 1863 1856 1871 1876 1877 1882 1884 1889 1888 1886 1879 1849
1329 1339 1359 1354 1373 1388 1398 1418 1427 1452 1458 1450 1442 1449 1439 1453 1445 1450 1489 1513 1401 1340 1422 1511 1599 1622 1670 1716 1701 1706 1718 1747 1793 1727 1690 1764 1858 1925 1967 1949 1968 1980 1952 1963 2007 2030 2052 2055 2100 2128 2147 2174 2119 2112 2094 2017 1985 1995 2012 1971 1903 1919 1917 1897 1883 1879 1862 1843 1846 1854 1846 1848 1833 1840 1849 1859 1865 1861 1851 1848 1862 1858 1848 1834
1298 1329 1339 1353 1360 1379 1396 1399 1416 1434 1431 1428 1411 1422 1413 1420 1410 1437 1477 1403 1287 1322 1413 1533 1565 1610 1658 1648 1675 1655 1653 1700 1689 1640 1684 1812 1879 1893 1929 1937 1947 1962 1914 1984 1942 1999 2059 2070 2092 2079 2083 2110 2099 2131 2092 2050 1995 1987 1927 1947 1892 1868 1885 1873 1854 1857 1860 1825 1823 1823 1820 1830 1808 1817 1830 1836 1834 1837 1825 1828 1844 1842 1817 1809
1291 1303 1338 1344 1350 1356 1379 1395 1408 1402 1387 1395 1396 1395 1384 1389 1390 1431 1428 1281 1283 1454 1514 1522 1582 1604 1644 1606 1645 1629 1575 1557 1548 1671 1752 1772 1840 1865 1898 1921 1896 1892 1956 1921 1931 1967 2024 2058 2035 2034 2081 2081 2077 2117 2058 2048 1986 1974 1943 1909 1848 1875 1865 1855 1826 1815 1830 1825 1810 1810 1795 1803 1793 1800 1814 1814 1805 1813 1809 1809 1804 1815 1800 1787
1304 1317 1326 1345 1337 1365 1392 1398 1387 1377 1375 1368 1357 1377 1368 1367 1348 1380 1347 1277 1423 1472 1459 1499 1539 1599 1601 1575 1578 1568 1489 1533 1659 1678 1690 1763 1856 1839 1893 1887 1862 1915 1929 1874 1977 1990 1961 1985 2035 2041 2045 2056 2079 2149 2039 2023 2050 2021 1957 1930 1892 1791 1858 1845 1817 1797 1813 1809 1798 1796 1788 1788 1781 1788 1795 1796 1787 1788 1792 1793 1783 1787 1779 1766
1294 1300 1317 1330 1350 1366 1372 1370 1368 1358 1359 1347 1343 1359 1350 1330 1315 1342 1328 1390 1413 1419 1432 1480 1513 1537 1557 1541 1572 1518 1479 1569 1641 1626 1686 1769 1782 1808 1832 1805 1893 1884 1785 1842 1941 1934 1890 1982 2020 2049 2071 2094 2112 2141 2084 1988 1991 1982 1958 1912 1870 1772 1833 1830 1820 1798 1792 1807 1781 1778 1767 1768 1761 1773 1782 1777 1776 1772 1772 1773 1760 1758 1756 1740
1280 1284 1318 1338 1334 1358 1337 1349 1342 1341 1337 1336 1317 1328 1327 1266 1263 1292 1363 1361 1398 1402 1432 1439 1470 1479 1536 1519 1535 1450 1485 1554 1582 1661 1705 1699 1698 1659 1653 1773 1843 1690 1663 1702 1804 1857 1923 1956 2020 2008 2054 2081 2089 2074 2085 1999 1911 1917 1876 1837 1882 1803 1761 1812 1797 1794 1782 1796 1756 1762 1753 1756 1751 1751 1755 1750 1753 1755 1761 1753 1739 1727 1730 1721
1272 1285 1307 1314 1309 1313 1328 1335 1323 1319 1318 1315 1295 1303 1291 1213 1218 1319 1325 1365 1343 1400 1386 1410 1441 1462 1462 1502 1458 1404 1508 1552 1635 1655 1662 1584 1520 1503 1641 1678 1653 1592 1625 1716 1814 1879 1921 1975 1982 1972 1970 2039 2008 2017 2058 1989 1902 1843 1849 1792 1804 1793 1707 1759 1776 1791 1768 1794 1751 1734 1729 1721 1736 1738 1744 1737 1736 1737 1742 1732 1718 1707 1712 1698
1248 1274 1284 1285 1286 1292 1312 1311 1301 1295 1301 1293 1283 1278 1232 1195 1288 1313 1316 1314 1366 1382 1371 1393 1395 1453 1495 1439 1401 1477 1569 1597 1589 1627 1564 1439 1471 1504 1486 1566 1616 1627 1718 1841 1848 1858 1903 1926 1949 1901 1945 1987 1950 1952 1967 2031 1948 1889 1810 1748 1751 1757 1715 1735 1759 1770 1755 1760 1737 1708 1699 1684 1713 1723 1726 1726 1722 1711 1724 1715 1700 1690 1687 1678
1234 1245 1247 1252 1261 1275 1286 1288 1279 1278 1278 1275 1270 1261 1186 1280 1275 1265 1274 1330 1349 1307 1344 1368 1402 1418 1381 1366 1417 1526 1535 1556 1619 1612 1425 1427 1408 1419 1487 1590 1761 1787 1821 1838 1823 1832 1886 1889 1906 1867 1894 1930 1923 1922 1967 2019 1979 1900 1864 1800 1749 1711 1709 1689 1737 1729 1735 1731 1713 1698 1702 1675 1699 1708 1700 1701 1708 1692 1692 1685 1673 1672 1660 1640
1215 1223 1230 1235 1247 1255 1262 1255 1255 1249 1248 1257 1249 1197 1214 1278 1274 1255 1299 1310 1321 1314 1344 1317 1313 1310 1346 1440 1498 1503 1495 1542 1531 1452 1345 1358 1381 1536 1670 1692 1711 1827 1825 1799 1816 1862 1837 1861 1828 1830 1894 1891 1883 1911 1938 1952 1963 1866 1807 1780 1749 1731 1696 1672 1717 1706 1716 1722 1697 1683 1679 1670 1683 1679 1681 1676 1676 1664 1674 1649 1644 1638 1610 1596
1203 1210 1215 1218 1225 1235 1235 1243 1231 1223 1226 1233 1224 1143 1227 1213 1217 1278 1275 1251 1226 1248 1224 1327 1364 1422 1436 1474 1475 1483 1515 1510 1452 1337 1362 1472 1565 1598 1646 1668 1747 1787 1826 1768 1784 1826 1789 1781 1800 1865 1907 1849 1827 1787 1892 1887 1909 1894 1842 1773 1753 1700 1683 1654 1702 1690 1705 1702 1684 1668 1659 1647 1668 1662 1664 1657 1653 1647 1643 1633 1625 1611 1592 1583
1185 1199 1199 1206 1207 1211 1213 1211 1217 1201 1195 1204 1188 1149 1194 1226 1250 1238 1199 1198 1216 1280 1348 1387 1391 1410 1424 1458 1437 1459 1414 1391 1287 1409 1506 1551 1533 1589 1656 1663 1737 1799 1821 1789 1753 1767 1775 1754 1827 1836 1875 1864 1802 1768 1880 1858 1883 1861 1768 1741 1747 1704 1658 1634 1681 1687 1684 1677 1672 1655 1644 1649 1626 1641 1642 1628 1636 1626 1623 1615 1592 1600 1574 1559
1170 1183 1187 1187 1194 1191 1190 1190 1184 1190 1191 1186 1128 1182 1166 1227 1184 1167 1213 1264 1295 1328 1344 1359 1355 1379 1407 1435 1420 1399 1287 1261 1292 1454 1488 1516 1575 1634 1635 1699 1718 1759 1775 1775 1728 1769 1738 1757 1789 1792 1831 1858 1782 1755 1862 1838 1882 1857 1812 1767 1709 1709 1690 1635 1658 1678 1668 1663 1664 1652 1635 1634 1610 1622 1615 1610 1623 1598 1587 1586 1559 1562 1545 1534
1159 1161 1172 1173 1175 1176 1177 1171 1168 1171 1174 1146 1091 1123 1196 1176 1138 1190 1246 1270 1271 1290 1309 1317 1363 1377 1388 1369 1329 1270 1242 1308 1385 1498 1450 1516 1518 1560 1630 1660 1641 1693 1734 1737 1722 1722 1705 1765 1756 1752 1805 1845 1777 1726 1823 1812 1835 1817 1815 1775 1725 1678 1654 1631 1622 1670 1665 1646 1656 1641 1630 1624 1607 1592 1602 1597 1598 1588 1559 1554 1550 1547 1515 1514
1145 1152 1159 1157 1159 1152 1153 1154 1153 1161 1154 1102 1100 1176 1165 1110 1176 1227 1237 1240 1267 1274 1263 1328 1367 1310 1340 1348 1232 1269 1362 1420 1481 1457 1443 1473 1550 1601 1637 1586 1615 1683 1712 1723 1700 1710 1700 1746 1732 1736 1766 1805 1750 1681 1775 1807 1795 1771 1784 1767 1754 1699 1702 1683 1615 1649 1655 1650 1639 1627 1617 1604 1604 1573 1581 1591 1573 1572 1569 1550 1530 1525 1498 1493
1130 1150 1149 1143 1142 1141 1140 1137 1136 1145 1144 1060 1149 1095 1119 1161 1194 1190 1199 1234 1225 1277 1301 1322 1300 1321 1350 1266 1237 1370 1411 1433 1439 1403 1461 1496 1520 1583 1572 1557 1602 1644 1692 1696 1671 1683 1680 1719 1712 1692 1734 1791 1725 1664 1710 1768 1752 1754 1774 1731 1714 1690 1673 1663 1609 1619 1645 1641 1636 1626 1609 1600 1591 1584 1554 1583 1565 1558 1556 1548 1516 1513 1490 1475
1127 1135 1140 1133 1129 1128 1118 1112 1123 1133 1120 1062 1080 1139 1160 1142 1158 1196 1212 1207 1241 1260 1271 1284 1267 1322 1281 1201 1306 1361 1352 1423 1363 1400 1433 1476 1524 1592 1518 1551 1548 1625 1656 1688 1698 1647 1672 1690 1682 1687 1723 1780 1725 1640 1731 1734 1771 1706 1753 1739 1694 1684 1666 1634 1614 1581 1569 1583 1627 1618 1609 1592 1582 1574 1535 1572 1557 1534 1542 1534 1515 1488 1464 1456
1120 1128 1116 1119 1116 1112 1106 1100 1113 1124 1062 1080 1056 1135 1120 1164 1183 1177 1176 1221 1232 1234 1230 1231 1289 1261 1175 1235 1332 1314 1368 1386 1322 1370 1440 1493 1547 1514 1496 1516 1525 1621 1621 1669 1683 1624 1668 1651 1662 1702 1721 1743 1712 1631 1679 1745 1752 1700 1707 1758 1708 1684 1659 1640 1629 1637 1595 1582 1618 1610 1600 1593 1566 1543 1554 1532 1543 1520 1523 1510 1506 1465 1457 1435
1121 1126 1111 1110 1104 1103 1099 1087 1101 1103 1064 1040 1107 1125 1098 1153 1147 1174 1201 1195 1204 1194 1209 1254 1241 1159 1149 1264 1288 1324 1331 1328 1300 1379 1440 1466 1473 1469 1508 1500 1555 1568 1615 1661 1642 1598 1632 1665 1679 1704 1746 1681 1651 1610 1682 1724 1723 1693 1677 1709 1713 1669 1647 1655 1654 1634 1590 1534 1583 1598 1593 1579 1579 1558 1546 1523 1520 1508 1495 1490 1486 1441 1449 1429
1105 1095 1082 1086 1088 1083 1084 1066 1088 1088 1032 1090 1119 1097 1076 1110 1155 1168 1166 1168 1175 1206 1217 1228 1184 1108 1228 1231 1272 1307 1273 1249 1299 1359 1429 1444 1422 1468 1497 1496 1527 1561 1596 1629 1581 1580 1661 1691 1678 1685 1702 1707 1679 1581 1634 1716 1696 1679 1666 1677 1675 1693 1650 1626 1618 1566 1529 1520 1567 1583 1584 1578 1568 1551 1545 1524 1516 1492 1481 1476 1475 1438 1427 1426
1086 1079 1074 1074 1069 1068 1063 1054 1064 1041 1031 1094 1096 1068 1102 1137 1148 1130 1166 1142 1169 1169 1195 1178 1127 1145 1198 1257 1288 1259 1227 1257 1295 1344 1363 1392 1446 1469 1487 1517 1550 1534 1470 1492 1548 1633 1658 1656 1657 1628 1671 1652 1635 1572 1626 1697 1689 1672 1659 1661 1642 1671 1680 1641 1610 1593 1517 1512 1567 1574 1571 1568 1576 1556 1548 1518 1499 1474 1468 1468 1466 1443 1407 1410
1070 1054 1066 1064 1057 1058 1048 1045 1002 1025 1076 1080 1084 1061 1069 1086 1123 1122 1146 1119 1133 1157 1185 1099 1094 1146 1223 1263 1266 1211 1220 1292 1297 1273 1319 1419 1402 1470 1492 1470 1430 1347 1360 1413 1572 1611 1617 1628 1651 1646 1665 1634 1620 1532 1612 1668 1704 1658 1655 1651 1645 1648 1657 1629 1629 1600 1505 1503 1555 1556 1559 1555 1531 1539 1532 1527 1511 1498 1454 1456 1436 1386 1387 1399
1059 1048 1050 1045 1052 1048 1038 993 982 1053 1051 1068 1059 1056 1040 1079 1105 1107 1118 1091 1099 1141 1118 1071 1137 1209 1223 1240 1224 1172 1277 1276 1247 1339 1375 1374 1401 1418 1368 1283 1294 1378 1511 1549 1581 1619 1580 1622 1573 1607 1655 1590 1621 1522 1577 1681 1683 1647 1644 1643 1637 1621 1610 1663 1665 1616 1516 1486 1528 1526 1543 1509 1491 1516 1518 1524 1503 1491 1474 1456 1455 1444 1396 1332
1040 1039 1039 1036 1043 1040 1036 972 1016 1036 1042 1059 1042 1032 1035 1050 1069 1071 1067 1097 1068 1073 1069 1054 1143 1170 1207 1231 1192 1157 1217 1202 1286 1332 1314 1358 1381 1320 1248 1343 1481 1515 1512 1508 1559 1563 1563 1565 1536 1562 1585 1569 1584 1498 1550 1633 1650 1645 1634 1627 1633 1610 1623 1645 1622 1593 1521 1474 1450 1447 1453 1451 1423 1498 1506 1501 1504 1475 1468 1462 1450 1437 1421 1403
1038 1028 1028 1023 1032 1028 1036 1013 965 1003 1040 1036 1026 1030 1009 1012 1026 1053 1072 1030 1021 1025 1064 1100 1136 1188 1163 1203 1126 1180 1183 1183 1225 1266 1332 1307 1264 1211 1285 1396 1471 1495 1475 1510 1538 1525 1524 1530 1534 1549 1563 1585 1616 1539 1479 1614 1631 1624 1639 1618 1621 1606 1622 1612 1585 1607 1582 1558 1512 1603 1516 1502 1417 1477 1487 1471 1480 1470 1462 1455 1437 1420 1399 1387
1019 1018 1014 1002 1014 1012 1020 1015 957 1007 1017 1018 1013 991 1005 1028 1044 1050 1022 1013 1097 1121 1132 1128 1145 1167 1139 1143 1080 1121 1199 1262 1290 1310 1233 1183 1188 1273 1366 1410 1447 1468 1461 1462 1511 1504 1501 1480 1495 1531 1544 1563 1596 1510 1464 1608 1620 1605 1606 1611 1608 1601 1614 1603 1565 1551 1562 1575 1606 1611 1553 1437 1404 1467 1473 1468 1451 1458 1457 1442 1440 1423 1393 1372
1010 1011 996 989 990 1000 1015 1001 970 991 986 995 973 998 1014 1028 1033 987 1006 1063 1086 1098 1118 1096 1133 1123 1070 1064 1149 1199 1226 1241 1257 1236 1135 1209 1294 1336 1369 1420 1412 1424 1429 1412 1470 1489 1489 1457 1500 1537 1496 1506 1585 1435 1377 1551 1612 1614 1586 1587 1579 1593 1582 1603 1585 1588 1541 1561 1557 1607 1546 1404 1411 1457 1450 1458 1455 1442 1449 1427 1451 1442 1381 1333
