Project 1 - Pathfinder/Project 1 Starter/data/kilimanjaro_hires.dat
ncols 351
nrows 301
[rows 76 to 113 of 301, columns 168 to 251 of 351]
2165 2169 2187 2177 2173 2143 2142 2129 2125 2082 2081 2083 2075 2075 2070 2062 2081 2091 2103 2113 2095 2099 2096 2091 2088 2093 2101 2096 2133 2149 2124 2131 2110 2087 2067 2057 2050 2030 2036 2036 2016 2015 2007 1998 1987 1984 1985 2003 2032 2022 1984 1974 1965 1937 1903 1900 1892 1896 1873 1888 1848 1831 1804 1786 1788 1781 1764 1775 1765 1744 1750 1746 1732 1735 1742 1742 1734 1723 1720 1722 1713 1702 1691 1694
2179 2182 2208 2209 2207 2167 2168 2152 2137 2123 2119 2116 2110 2101 2110 2091 2102 2108 2116 2137 2142 2146 2139 2129 2120 2138 2157 2157 2158 2157 2150 2143 2125 2109 2095 2085 2073 2060 2072 2062 2039 2040 2029 2022 2009 2001 2011 2046 2045 2045 2024 1974 1984 1964 1930 1911 1908 1912 1895 1904 1881 1861 1829 1821 1812 1798 1784 1794 1779 1764 1765 1753 1747 1750 1758 1762 1748 1735 1733 1731 1717 1711 1703 1710
2216 2223 2228 2245 2218 2189 2170 2160 2138 2153 2158 2157 2146 2127 2129 2112 2125 2137 2155 2168 2175 2171 2169 2167 2170 2177 2192 2184 2189 2193 2191 2173 2155 2131 2128 2117 2086 2093 2091 2079 2072 2067 2054 2041 2032 2021 2030 2056 2065 2060 2029 2013 1996 1963 1948 1937 1927 1924 1922 1917 1901 1879 1860 1842 1829 1817 1800 1803 1799 1789 1778 1769 1778 1773 1783 1779 1765 1756 1749 1738 1728 1725 1722 1720
2249 2233 2261 2259 2239 2209 2194 2164 2173 2179 2184 2182 2180 2157 2166 2136 2159 2154 2172 2193 2201 2205 2193 2197 2213 2217 2216 2210 2216 2219 2218 2197 2168 2151 2148 2147 2121 2121 2117 2102 2097 2085 2065 2050 2051 2080 2073 2080 2089 2071 2052 2028 2023 2005 1998 1973 1960 1952 1938 1945 1921 1898 1892 1870 1856 1846 1817 1825 1821 1803 1797 1813 1810 1794 1801 1785 1767 1764 1756 1747 1739 1735 1736 1728
2264 2267 2285 2275 2252 2221 2238 2184 2219 2219 2222 2212 2196 2178 2186 2188 2187 2195 2202 2214 2224 2249 2226 2227 2245 2241 2228 2231 2233 2238 2233 2225 2195 2175 2182 2178 2158 2139 2139 2128 2121 2104 2096 2079 2084 2098 2131 2104 2110 2094 2064 2053 2049 2042 2029 2018 2002 1983 1963 1955 1937 1935 1923 1896 1878 1853 1844 1846 1835 1837 1844 1835 1821 1808 1811 1792 1782 1773 1769 1764 1747 1751 1752 1741
2288 2299 2302 2301 2274 2257 2246 2230 2262 2252 2258 2246 2210 2206 2219 2220 2208 2244 2221 2225 2250 2268 2266 2264 2282 2264 2255 2266 2259 2265 2255 2229 2222 2217 2214 2211 2191 2172 2166 2160 2140 2145 2132 2143 2153 2130 2159 2157 2122 2086 2068 2065 2068 2064 2058 2034 2024 2022 1981 1984 1963 1951 1959 1929 1916 1900 1872 1879 1876 1873 1867 1856 1831 1832 1826 1815 1797 1795 1784 1768 1762 1757 1763 1752
2311 2318 2326 2302 2293 2286 2262 2241 2284 2295 2292 2263 2234 2244 2252 2234 2243 2265 2247 2241 2261 2291 2304 2304 2308 2295 2289 2291 2297 2288 2272 2259 2251 2254 2253 2230 2214 2205 2213 2207 2193 2192 2178 2162 2167 2184 2170 2169 2129 2085 2060 2088 2055 2064 2058 2048 2037 2026 2013 2009 1987 1975 1956 1938 1928 1910 1874 1892 1893 1883 1882 1872 1852 1851 1843 1830 1810 1811 1801 1785 1785 1778 1775 1770
2331 2334 2344 2335 2310 2302 2291 2264 2303 2320 2311 2279 2271 2271 2273 2263 2251 2282 2285 2267 2287 2315 2327 2335 2333 2321 2318 2322 2323 2306 2293 2287 2273 2290 2279 2258 2235 2227 2239 2249 2240 2240 2228 2229 2202 2219 2177 2158 2137 2099 2097 2098 2090 2076 2067 2057 2063 2034 2031 2022 2023 1995 1974 1963 1954 1912 1905 1902 1906 1898 1883 1862 1866 1866 1859 1845 1833 1828 1823 1806 1793 1791 1785 1781
2369 2354 2356 2350 2337 2325 2329 2289 2325 2344 2337 2325 2315 2307 2302 2297 2293 2288 2303 2312 2332 2366 2367 2372 2355 2346 2348 2356 2348 2332 2329 2321 2312 2328 2312 2299 2264 2242 2282 2295 2289 2298 2292 2276 2266 2242 2183 2174 2169 2122 2112 2106 2108 2097 2075 2075 2055 2064 2040 2033 2021 2008 1979 1948 1950 1927 1934 1918 1923 1909 1888 1891 1891 1887 1860 1846 1844 1850 1833 1814 1806 1797 1791 1785
2397 2404 2387 2360 2356 2355 2329 2304 2350 2378 2377 2363 2361 2351 2347 2333 2327 2323 2334 2352 2370 2377 2388 2396 2384 2368 2375 2383 2373 2367 2366 2356 2354 2366 2358 2324 2284 2284 2296 2314 2314 2333 2325 2319 2291 2245 2190 2180 2165 2143 2139 2117 2119 2103 2099 2106 2097 2086 2059 2032 2029 2025 2005 1978 1987 1961 1948 1938 1928 1915 1915 1909 1908 1904 1882 1866 1862 1856 1831 1830 1819 1812 1799 1790
2458 2449 2421 2403 2396 2378 2368 2340 2383 2403 2398 2412 2414 2403 2378 2375 2388 2349 2370 2384 2402 2396 2406 2416 2408 2396 2399 2420 2414 2394 2400 2381 2394 2394 2385 2347 2330 2304 2309 2318 2343 2346 2340 2333 2307 2250 2208 2199 2170 2181 2164 2140 2137 2131 2118 2095 2118 2102 2082 2056 2056 2043 2028 2005 1991 1982 1985 1947 1940 1932 1926 1922 1918 1911 1899 1876 1874 1858 1843 1835 1833 1822 1808 1803
2506 2467 2445 2427 2427 2402 2399 2406 2435 2443 2431 2445 2459 2456 2424 2407 2410 2400 2402 2419 2429 2435 2423 2438 2431 2421 2426 2440 2441 2436 2419 2427 2422 2410 2389 2373 2354 2339 2328 2328 2349 2345 2330 2310 2291 2268 2247 2217 2183 2200 2183 2159 2153 2148 2148 2137 2127 2101 2106 2091 2074 2048 2032 2030 2006 2013 1975 1962 1956 1950 1941 1931 1928 1918 1911 1895 1883 1868 1856 1846 1840 1829 1825 1821
2520 2485 2468 2453 2441 2424 2443 2462 2459 2481 2478 2472 2480 2479 2454 2442 2445 2433 2441 2465 2468 2458 2473 2481 2470 2458 2456 2457 2458 2461 2455 2447 2430 2403 2407 2401 2361 2364 2360 2348 2350 2332 2332 2320 2304 2285 2287 2231 2217 2227 2205 2196 2174 2165 2171 2154 2151 2135 2132 2116 2096 2069 2046 2051 2019 2008 1992 1991 1970 1959 1959 1941 1937 1928 1910 1912 1907 1880 1864 1856 1856 1848 1835 1811
2537 2531 2494 2501 2467 2466 2484 2504 2502 2491 2503 2508 2509 2505 2489 2479 2478 2462 2473 2485 2490 2491 2504 2522 2504 2486 2483 2480 2488 2480 2497 2473 2454 2441 2436 2427 2416 2396 2389 2372 2353 2352 2345 2343 2311 2293 2282 2259 2233 2246 2227 2228 2201 2189 2188 2172 2162 2145 2156 2144 2110 2090 2070 2056 2017 2018 2009 2004 1990 1979 1960 1966 1941 1935 1916 1903 1907 1889 1879 1871 1870 1859 1834 1820
2561 2553 2546 2524 2505 2506 2511 2530 2537 2515 2526 2537 2543 2534 2515 2516 2523 2517 2488 2490 2513 2525 2542 2554 2521 2515 2524 2520 2516 2513 2538 2541 2497 2473 2458 2452 2438 2427 2403 2380 2367 2373 2356 2341 2322 2301 2307 2282 2270 2270 2253 2245 2220 2209 2195 2187 2174 2171 2164 2143 2125 2114 2100 2056 2033 2034 2030 2018 2007 1991 1977 1978 1958 1937 1943 1940 1934 1924 1921 1909 1893 1871 1844 1828
2599 2585 2568 2552 2530 2539 2535 2547 2555 2548 2550 2556 2558 2553 2570 2569 2570 2564 2534 2532 2541 2556 2562 2588 2589 2578 2583 2591 2564 2551 2557 2554 2529 2498 2476 2480 2461 2441 2422 2406 2385 2384 2381 2361 2338 2317 2326 2314 2294 2286 2279 2269 2247 2226 2222 2210 2201 2196 2188 2157 2146 2139 2125 2090 2051 2064 2054 2035 2037 2006 1984 2002 1978 1955 1954 1956 1949 1945 1939 1932 1912 1881 1861 1854
2629 2605 2598 2577 2547 2539 2546 2548 2560 2561 2573 2577 2589 2612 2608 2609 2610 2615 2595 2578 2566 2596 2591 2609 2630 2614 2618 2614 2585 2577 2562 2565 2553 2523 2504 2493 2476 2459 2434 2425 2414 2410 2398 2361 2345 2344 2337 2342 2316 2312 2281 2277 2262 2253 2245 2223 2223 2218 2200 2169 2174 2162 2128 2116 2096 2090 2081 2066 2051 2024 2011 2005 1999 1973 1967 1962 1950 1954 1958 1947 1937 1920 1896 1885
2667 2656 2630 2603 2578 2585 2581 2571 2570 2586 2583 2598 2636 2643 2658 2662 2656 2666 2645 2628 2628 2619 2649 2648 2660 2643 2638 2623 2602 2600 2597 2596 2583 2563 2551 2522 2506 2482 2440 2441 2443 2433 2418 2385 2379 2364 2353 2352 2349 2329 2313 2307 2291 2272 2269 2240 2247 2244 2221 2194 2202 2178 2164 2121 2154 2128 2109 2097 2063 2049 2034 2021 2010 1999 1991 1982 1975 1973 1973 1962 1960 1938 1922 1885
2724 2694 2657 2644 2618 2624 2626 2621 2614 2592 2596 2614 2656 2672 2693 2695 2690 2709 2718 2675 2677 2671 2696 2683 2683 2663 2651 2632 2635 2606 2611 2616 2600 2592 2592 2570 2545 2501 2475 2464 2474 2468 2444 2423 2408 2397 2386 2364 2366 2366 2341 2338 2333 2296 2272 2279 2273 2266 2240 2223 2216 2209 2170 2184 2184 2182 2145 2116 2106 2083 2053 2051 2032 2027 2006 1992 1988 1986 1979 1964 1951 1934 1907 1897
2763 2719 2712 2695 2676 2677 2678 2665 2639 2628 2630 2633 2679 2695 2704 2714 2724 2735 2757 2732 2736 2722 2728 2727 2703 2691 2676 2671 2653 2632 2649 2649 2631 2624 2607 2591 2550 2532 2531 2499 2496 2499 2480 2454 2437 2420 2405 2403 2405 2392 2373 2379 2359 2324 2312 2295 2295 2274 2256 2248 2244 2231 2204 2208 2217 2214 2189 2171 2156 2113 2054 2056 2057 2045 2034 2016 1997 1995 1986 1959 1951 1933 1908 1903
2797 2783 2760 2736 2745 2736 2734 2702 2680 2647 2678 2662 2712 2726 2730 2735 2770 2765 2794 2774 2766 2768 2748 2741 2731 2719 2703 2704 2676 2684 2678 2684 2687 2676 2642 2640 2607 2581 2568 2539 2531 2508 2499 2482 2468 2454 2438 2445 2444 2412 2404 2403 2390 2360 2344 2333 2318 2297 2268 2271 2266 2260 2235 2241 2241 2236 2226 2204 2175 2136 2083 2066 2064 2060 2060 2039 2019 2004 1987 1961 1939 1933 1932 1925
2870 2854 2846 2815 2805 2794 2780 2765 2733 2682 2724 2720 2731 2767 2782 2785 2813 2847 2846 2826 2830 2803 2773 2752 2756 2758 2735 2716 2706 2705 2720 2715 2734 2722 2693 2687 2652 2638 2593 2585 2580 2556 2540 2538 2513 2492 2477 2476 2465 2451 2430 2425 2414 2402 2373 2348 2337 2318 2313 2304 2301 2289 2275 2271 2261 2258 2238 2204 2201 2173 2108 2097 2077 2075 2072 2060 2044 2021 1996 1959 1944 1949 1934 1933
2940 2913 2919 2888 2882 2856 2821 2814 2764 2724 2755 2771 2761 2803 2815 2833 2866 2876 2867 2860 2847 2795 2813 2799 2806 2782 2775 2730 2748 2750 2747 2732 2745 2737 2720 2696 2701 2673 2605 2604 2595 2595 2572 2568 2539 2505 2506 2499 2467 2489 2460 2451 2433 2414 2395 2378 2359 2331 2327 2344 2326 2306 2295 2283 2281 2258 2246 2243 2225 2210 2185 2133 2095 2093 2100 2079 2056 2038 1990 1977 1961 1949 1934 1932
2991 2986 2967 2953 2948 2909 2895 2844 2807 2763 2795 2807 2806 2832 2860 2879 2887 2885 2892 2886 2862 2844 2839 2856 2836 2806 2820 2779 2786 2792 2778 2760 2750 2751 2731 2713 2723 2710 2647 2627 2621 2619 2620 2584 2564 2551 2533 2508 2517 2533 2493 2476 2467 2440 2424 2401 2370 2363 2368 2357 2340 2329 2308 2301 2281 2277 2266 2254 2245 2235 2203 2161 2120 2117 2107 2087 2050 2025 1977 1986 1976 1955 1936 1926
3040 3044 3014 3014 2980 2958 2910 2862 2843 2831 2846 2847 2837 2848 2872 2894 2907 2903 2902 2907 2893 2885 2874 2888 2852 2855 2868 2851 2844 2819 2816 2783 2779 2795 2762 2743 2749 2733 2676 2662 2657 2642 2641 2617 2604 2592 2561 2556 2553 2532 2494 2497 2487 2482 2447 2425 2396 2406 2403 2387 2367 2355 2330 2323 2310 2298 2293 2294 2280 2246 2214 2174 2160 2131 2117 2095 2048 2024 2011 2012 1981 1962 1960 1948
3108 3093 3074 3052 3012 2974 2924 2882 2882 2867 2898 2899 2855 2895 2903 2931 2928 2931 2923 2925 2919 2901 2891 2893 2899 2900 2893 2890 2883 2850 2849 2816 2807 2794 2783 2774 2795 2773 2724 2719 2701 2673 2676 2651 2628 2607 2588 2581 2573 2562 2547 2543 2519 2510 2480 2453 2422 2434 2423 2417 2393 2357 2347 2343 2335 2346 2318 2316 2286 2252 2227 2199 2155 2145 2135 2094 2063 2042 2032 2022 2005 1988 1969 1954
3161 3142 3111 3083 3022 2983 2942 2931 2914 2899 2942 2939 2929 2941 2950 2960 2960 2964 2959 2951 2943 2931 2898 2938 2941 2965 2941 2923 2891 2880 2891 2841 2858 2827 2818 2820 2825 2793 2760 2730 2709 2711 2704 2672 2665 2643 2625 2610 2622 2601 2574 2574 2554 2523 2501 2466 2443 2449 2445 2436 2419 2394 2390 2382 2368 2370 2336 2320 2290 2271 2242 2217 2183 2153 2130 2100 2074 2071 2057 2040 2026 2008 1985 1976
3219 3181 3137 3076 3056 3013 2955 2977 2965 2951 2974 2975 2956 2976 2990 2985 2991 3008 3002 2993 2979 2956 2932 2993 2997 2973 2957 2947 2900 2892 2917 2879 2878 2848 2855 2843 2843 2832 2802 2769 2745 2734 2723 2714 2698 2676 2658 2653 2647 2620 2603 2587 2570 2542 2511 2486 2474 2477 2470 2457 2437 2413 2421 2399 2392 2362 2347 2330 2297 2265 2248 2239 2217 2185 2149 2139 2105 2084 2089 2066 2040 2005 2011 1981
3244 3216 3159 3132 3083 3042 2982 3012 3001 3008 2983 3014 3006 3023 3022 3025 3020 3028 3030 3027 3012 2992 2970 2990 3025 3005 2977 2966 2948 2936 2940 2915 2918 2920 2903 2857 2865 2848 2836 2808 2787 2775 2750 2751 2729 2702 2684 2686 2681 2650 2638 2619 2595 2562 2539 2507 2524 2505 2488 2476 2459 2442 2432 2421 2397 2372 2339 2308 2299 2285 2272 2257 2231 2202 2192 2159 2135 2108 2092 2075 2057 2035 2013 1976
3276 3235 3203 3159 3117 3058 3075 3029 3045 3063 3029 3044 3024 3057 3046 3048 3053 3052 3058 3053 3045 3037 3015 3007 3037 3036 3000 2984 2991 2971 2957 2959 2952 2928 2893 2881 2871 2859 2853 2839 2844 2840 2810 2784 2772 2741 2731 2710 2680 2662 2654 2637 2613 2578 2552 2538 2542 2520 2505 2493 2477 2465 2448 2419 2385 2372 2352 2328 2309 2280 2275 2252 2231 2225 2189 2163 2145 2121 2099 2076 2058 2036 2000 1984
3304 3275 3239 3199 3172 3121 3143 3114 3109 3092 3070 3082 3070 3084 3074 3077 3091 3106 3104 3090 3084 3062 3048 3066 3058 3061 3018 3004 3013 2990 2994 3017 2964 2933 2905 2894 2898 2882 2865 2859 2864 2866 2850 2832 2812 2770 2757 2727 2699 2686 2677 2659 2620 2583 2572 2565 2550 2540 2524 2506 2507 2481 2452 2425 2404 2386 2365 2339 2310 2290 2273 2244 2228 2207 2207 2176 2146 2125 2104 2073 2054 2033 2011 1996
3342 3305 3271 3234 3207 3184 3180 3154 3136 3129 3105 3107 3105 3116 3110 3102 3117 3129 3128 3116 3105 3088 3084 3103 3065 3073 3058 3035 3064 3032 3044 3043 2987 2961 2941 2939 2923 2903 2891 2879 2895 2880 2873 2848 2819 2808 2777 2758 2734 2712 2696 2677 2625 2609 2604 2594 2582 2563 2540 2532 2512 2479 2459 2435 2415 2395 2371 2345 2312 2282 2263 2250 2249 2236 2202 2165 2140 2108 2093 2090 2075 2049 2025 2004
3369 3341 3296 3264 3225 3224 3210 3195 3177 3163 3141 3150 3150 3141 3136 3135 3135 3146 3151 3141 3134 3116 3129 3151 3108 3110 3102 3088 3107 3073 3076 3043 3030 3008 3003 2970 2951 2956 2928 2915 2908 2905 2894 2857 2838 2838 2801 2785 2762 2747 2723 2690 2664 2643 2630 2622 2598 2582 2567 2557 2534 2495 2476 2435 2423 2402 2391 2351 2326 2291 2295 2271 2265 2252 2225 2181 2137 2116 2106 2085 2096 2065 2032 2011
3401 3364 3321 3285 3256 3255 3266 3251 3213 3188 3194 3193 3192 3192 3176 3163 3171 3180 3199 3165 3162 3149 3188 3178 3169 3134 3119 3112 3125 3130 3094 3069 3056 3037 3031 3009 2999 3003 2989 2928 2935 2918 2902 2882 2888 2854 2828 2819 2798 2766 2741 2724 2685 2655 2644 2630 2615 2600 2588 2572 2548 2512 2474 2452 2440 2431 2402 2368 2360 2337 2304 2297 2294 2292 2250 2185 2157 2146 2119 2100 2086 2066 2035 2036
3418 3375 3329 3307 3292 3294 3324 3296 3248 3242 3245 3250 3244 3235 3214 3205 3204 3213 3209 3215 3201 3200 3212 3188 3188 3160 3156 3129 3161 3159 3120 3134 3124 3068 3059 3043 3028 3023 3002 2963 2963 2937 2922 2905 2887 2874 2852 2835 2808 2776 2761 2732 2704 2683 2662 2648 2627 2613 2601 2581 2553 2524 2508 2484 2467 2476 2444 2406 2378 2349 2344 2318 2327 2299 2269 2246 2216 2194 2147 2111 2105 2058 2059 2038
3424 3373 3355 3343 3350 3357 3379 3372 3313 3305 3300 3297 3300 3270 3269 3260 3247 3250 3246 3257 3259 3224 3209 3197 3207 3215 3220 3204 3184 3192 3177 3169 3146 3113 3094 3070 3055 3034 3004 2993 2992 2955 2946 2913 2903 2900 2886 2865 2825 2807 2798 2780 2745 2705 2684 2657 2636 2628 2602 2579 2560 2554 2537 2510 2496 2490 2468 2433 2391 2376 2377 2361 2338 2327 2294 2270 2243 2212 2171 2118 2094 2080 2076 2051
3462 3431 3392 3394 3426 3436 3427 3392 3364 3356 3342 3345 3341 3322 3323 3315 3299 3293 3268 3275 3276 3249 3242 3228 3229 3235 3266 3230 3226 3224 3200 3185 3155 3147 3124 3096 3080 3068 3018 3014 2990 2969 2961 2939 2927 2919 2903 2878 2857 2835 2829 2815 2784 2752 2724 2685 2660 2637 2621 2593 2576 2575 2556 2529 2529 2506 2485 2471 2452 2420 2407 2375 2349 2312 2304 2261 2230 2204 2180 2127 2113 2100 2074 2066
3514 3494 3470 3475 3507 3499 3482 3441 3402 3394 3409 3401 3405 3381 3387 3365 3338 3327 3322 3310 3299 3293 3253 3255 3265 3263 3273 3269 3284 3253 3217 3206 3195 3164 3157 3116 3105 3086 3073 3020 3006 2989 2976 2968 2957 2943 2917 2908 2875 2860 2848 2831 2806 2783 2751 2717 2681 2672 2648 2629 2608 2586 2571 2567 2544 2530 2516 2507 2483 2451 2413 2391 2362 2333 2285 2262 2243 2224 2182 2157 2132 2106 2094 2080
